1,0,63.5298,318014.0,757,1657.97,6.02358,0.0
1,1,32.9218,465878.0,661,2799.93,6.29899,0.0
1,2,61002.2,5968510000.0,680,2911.51,42.1769,0.0
1,3,16938.7,1767280000.0,730,124.541,32.5851,0.0
1,4,7831.98,522849000.0,606,937.888,24.6746,0.0
1,5,3050.0,154399000.0,432,304.55,20.0552,0.0
1,6,1545.92,45415400.0,735,63.8464,13.6452,0.0
1,7,466.733,13257900.0,608,4477.81,12.1965,0.0
1,8,80738.0,1457170000.0,974,4161.58,19.2875,0.0
1,9,15815.4,430994000.0,789,14886.8,16.1581,0.0
1,10,4629.44,127119000.0,0,15249.0,14.1087,0.0
1,11,9032.48,38242000.0,0,285.034,10.6401,0.0
1,12,763978.0,4481270000.0,0,25.8492,13.5266,0.0
1,13,208694.0,1325690000.0,0,3.00501,9.93502,0.0
1,14,4716460.0,85246600000.0,0,2.20447,42.2682,0.0
1,15,419929000.0,6249010000000.0,3,1.1053,200.95,0.0
1,16,7447640000.0,341259000000000.0,48,19.367,1318.32,0.0
1,17,2757840000.0,101114000000000.0,0,7.11252,882.528,0.0
1,18,1472050000.0,29959600000000.0,0,5.04182,592.167,0.0
1,19,568950000.0,8876900000000.0,0,3.21027,398.945,0.0
1,20,268825000.0,2630180000000.0,0,1.76406,270.481,0.0
1,21,112722000.0,779306000000.0,0,0.971331,185.441,0.0
1,22,40201800.0,230901000000.0,0,0.500041,128.987,0.0
1,23,13828500.0,68411700000.0,0,0.29037,93.6124,0.0
1,24,117468000.0,585376000000.0,0,0.116587,118.324,0.0
1,0,32.2449,23056.7,465,235.3,0.860538,0.0
1,1,14.5887,15198.7,443,175.738,0.861292,0.0
1,2,5.97694,8100.29,370,74.5155,0.857191,0.0
1,3,8.1828,12040.7,376,29.8042,0.857191,0.0
1,4,9.61884,13050.5,307,6.95772,0.857195,0.0
1,5,6.59617,9246.29,252,13.1696,0.857198,0.0
1,6,7.16975,9743.88,255,18.5729,0.857192,0.0
1,7,10.2951,14004.2,227,39.8508,0.857196,0.0
1,8,12.2695,16171.8,221,36.7904,0.857196,0.0
1,9,6.10527,8438.41,221,21.5969,0.857199,0.0
1,10,2.41183,3307.28,0,13.8167,0.857198,0.0
1,11,4.09092,5574.71,0,16.7955,0.857194,0.0
1,12,0.6148,842.712,0,3.39475,0.857193,0.0
1,13,0.0623001,85.5167,0,0.283126,0.857193,0.0
1,14,0.00160944,2.20965,0,0.00615451,0.857193,0.0
1,15,0.000263744,0.362098,0,0.00102395,0.1,0.857193
2,0,5.0645,3884.22,408,50.6153,0.857161,0.0
2,1,2.89611,1899.6,202,1.12939,0.857161,0.0
2,2,3.56642,2398.06,118,1.60955,0.857161,0.0
2,3,2.49232,1725.31,106,1.4789,0.857161,0.0
2,4,0.354325,246.65,33,0.0754006,0.857161,0.0
2,5,0.0132989,9.25621,14,0.00199459,0.857161,0.0
2,6,0.00144209,1.0037,8,0.000765387,0.857161,0.0
2,7,0.000660375,0.459624,7,0.000487874,0.857161,0.0
2,8,0.000660068,0.459409,7,0.000489702,0.857161,0.0
2,9,0.000660058,0.459403,7,0.000489702,0.857161,0.0
2,10,0.000660068,0.459409,0,0.000471588,0.267392,0.857161
3,0,8.26225,1350.97,122,33.9901,0.857177,0.0
3,1,5.66361,847.997,80,1.4766,0.857155,0.0
3,2,3.23039,484.748,41,0.526707,0.857146,0.0
3,3,0.770185,116.256,75,0.180743,0.857146,0.0
3,4,0.224659,34.0413,29,0.00666606,0.857146,0.0
3,5,0.0962741,14.6163,11,0.000127378,0.857146,0.0
3,6,0.00923518,1.4016,7,0.00209835,0.857146,0.0
3,7,0.00926541,1.40665,6,0.00229094,0.857146,0.0
3,8,0.00926856,1.40667,7,0.00229154,0.857146,0.0
3,9,0.00926552,1.40667,7,0.00229181,0.857146,0.0
3,10,0.00926862,1.40668,0,0.00226557,0.857146,0.0
3,11,1.67575e-05,0.00254326,0,1.5029e-06,0.173103,0.857146
4,0,8.66762,1061.2,203,10.3271,0.858982,0.0
4,1,0.787549,96.4345,183,0.522063,0.858936,0.0
4,2,0.325017,39.8182,109,0.26814,0.858898,0.0
4,3,0.521184,63.8731,73,0.0475446,0.858872,0.0
4,4,0.332465,40.7451,23,0.0141067,0.858872,0.0
4,5,0.164074,20.1083,46,0.0234832,0.858867,0.0
4,6,0.00386384,0.473537,20,0.00143483,0.858867,0.0
4,7,0.000135539,0.0166111,6,1.60137e-06,0.858867,0.0
4,8,3.42337e-06,0.000419555,3,1.23899e-07,0.858867,0.0
4,9,3.45949e-06,0.000423981,3,1.0162e-06,0.858867,0.0
4,10,3.45949e-06,0.000423981,0,1.0162e-06,0.0557236,0.858867
5,0,8.41117,1028.34,370,0.665702,0.859088,0.0
5,1,0.946545,115.636,233,0.534921,0.859095,0.0
5,2,1.05095,128.364,147,0.486612,0.859106,0.0
5,3,0.126492,15.4504,154,0.0379805,0.859097,0.0
5,4,0.0490468,5.9909,96,0.0253959,0.859097,0.0
5,5,0.0859526,10.4996,16,0.02671,0.859093,0.0
5,6,0.0542993,6.63232,35,0.0272178,0.859097,0.0
5,7,0.00731188,0.893109,12,0.00028885,0.859097,0.0
5,8,0.00380232,0.464438,6,0.000205142,0.859096,0.0
5,9,0.00395793,0.483449,4,0.000168928,0.859096,0.0
5,10,0.000986017,0.120439,0,8.44122e-06,0.00687934,0.859096
1,0,34.3549,23483.4,576,171.4,2.57181,0.0
1,1,9.53828,30233.3,577,132.464,2.57154,0.0
1,2,6.08406,26989.4,418,68.0084,2.57153,0.0
1,3,7.63033,27016.2,367,78.1031,2.57155,0.0
1,4,5.08198,16242.7,356,66.1111,2.57154,0.0
1,5,3.50747,10987.1,306,3.0469,2.57155,0.0
1,6,85.6447,314800.0,303,97.0376,5.65064,0.0
1,7,25.3286,63191.0,341,103.553,4.83168,0.0
1,8,10.026,23598.2,149,38.0222,4.82092,0.0
1,9,3.72017,6921.34,87,0.414033,4.48387,0.0
1,10,4.89462,8529.16,0,40.945,3.78466,0.0
1,11,11.7472,13335.8,0,12.0527,3.17877,0.0
1,12,3.91265,4296.7,0,19.6834,3.22746,0.0
1,13,22.07,18230.6,0,0.353305,2.88347,0.0
1,14,1.41505,1005.37,0,2.15449,2.87046,0.0
1,15,2.86216,2145.62,0,0.557097,2.7395,0.0
1,16,0.161994,119.646,0,0.185656,2.72682,0.0
1,17,0.535848,397.307,0,0.037978,2.70572,0.0
1,18,0.0169295,12.5271,0,0.0311806,2.7058,0.0
1,19,0.000686436,0.508105,0,0.000344217,0.1,2.70562
2,0,1.01362,371.382,578,14.2015,2.57724,0.0
2,1,2.14924,791.973,324,0.0952403,2.57975,0.0
2,2,9.42733,3473.46,173,24.8872,2.5758,0.0
2,3,7.08656,2615.35,101,23.5176,2.57623,0.0
2,4,0.964939,356.275,86,0.941727,2.57609,0.0
2,5,0.296696,109.51,97,0.158141,2.57571,0.0
2,6,0.517522,191.067,101,0.368942,2.57657,0.0
2,7,0.427323,157.778,41,0.307502,2.57618,0.0
2,8,0.029133,10.7567,12,0.0172639,2.57626,0.0
2,9,0.00290778,1.07364,7,0.00276558,2.57628,0.0
2,10,0.00196371,0.725061,0,0.00197666,2.57627,0.0
2,11,0.00196373,0.725068,0,0.00190909,2.57628,0.0
2,12,8.14789e-10,3.00845e-07,0,5.11737e-10,0.485059,2.57628
3,0,37.7702,13838.3,580,0.551831,2.57732,0.0
3,1,0.164698,60.3139,312,0.178431,2.57732,0.0
3,2,0.179326,65.671,245,0.153243,2.57734,0.0
3,3,0.0487906,17.8677,139,0.0198295,2.57733,0.0
3,4,0.0528486,19.3539,39,0.0352859,2.57733,0.0
3,5,0.000405812,0.148614,8,0.000187649,2.57733,0.0
3,6,2.26318e-05,0.0082881,6,7.97363e-06,2.57733,0.0
3,7,6.15996e-06,0.00225587,5,3.83838e-07,2.57733,0.0
3,8,6.16067e-06,0.00225613,5,1.78133e-07,2.57733,0.0
3,9,6.16067e-06,0.00225613,5,1.78133e-07,2.57733,0.0
3,10,6.16067e-06,0.00225613,0,1.58658e-07,0.032437,2.57733
4,0,1.72816,633.215,37,0.00817575,2.57733,0.0
4,1,0.00268731,0.984166,17,2.90702e-06,2.57733,0.0
4,2,0.000248287,0.0909297,10,0.000189228,2.57733,0.0
4,3,5.42665e-05,0.0198739,9,5.66196e-05,2.57733,0.0
4,4,3.86907e-05,0.0141696,7,2.69594e-05,2.57733,0.0
4,5,2.18459e-05,0.00800056,7,2.30952e-06,2.57733,0.0
4,6,2.18459e-05,0.00800056,7,2.30909e-06,2.57733,0.0
4,7,2.18459e-05,0.00800056,7,2.30909e-06,2.57733,0.0
4,8,2.18459e-05,0.00800056,7,2.30909e-06,2.57733,0.0
4,9,2.18459e-05,0.00800056,7,2.30909e-06,2.57733,0.0
4,10,2.18459e-05,0.00800056,0,1.87702e-06,0.000325469,2.57733
1,0,35.5136,21917.0,526,135.097,4.29218,0.0
1,1,14.5812,43156.9,602,116.927,4.28581,0.0
1,2,18.4694,58590.8,564,87.9072,4.28582,0.0
1,3,6.08102,19261.1,469,35.7879,4.28584,0.0
1,4,3.63096,12549.5,416,20.6694,4.28585,0.0
1,5,26.1682,88609.6,328,14.0597,4.28599,0.0
1,6,23.0289,52298.7,572,33.3843,4.2904,0.0
1,7,8.98954,18979.8,277,65.9008,4.39112,0.0
1,8,4.68821,14122.4,268,32.0953,4.34558,0.0
1,9,2.20641,6596.21,182,59.4751,4.28592,0.0
1,10,2.33606,7424.9,0,36.2675,4.2859,0.0
1,11,0.246548,848.715,0,2.68218,4.2859,0.0
1,12,0.679522,2320.68,0,3.77762,4.28588,0.0
1,13,0.0452499,155.333,0,0.964329,4.28588,0.0
1,14,0.0542536,188.741,0,2.16783,4.28587,0.0
1,15,0.00952285,33.219,0,0.355413,4.28587,0.0
1,16,0.0076545,26.7391,0,0.208359,4.28587,0.0
1,17,0.000653867,2.28443,0,0.00536938,0.1,4.28587
2,0,7.90237,9871.93,307,90.5248,4.28715,0.0
2,1,5.46643,11996.6,349,9.16863,4.28576,0.0
2,2,12.9342,15094.4,270,3.1178,4.28576,0.0
2,3,6.52465,13285.8,246,9.11272,4.28576,0.0
2,4,3.77131,6209.79,227,5.62579,4.28577,0.0
2,5,3.43877,6937.96,139,2.15386,4.28576,0.0
2,6,1.51761,2680.59,164,0.0910124,4.28576,0.0
2,7,0.770811,1373.04,124,2.60307,4.28576,0.0
2,8,0.517231,925.479,72,0.0723441,4.28576,0.0
2,9,0.16017,282.013,22,0.174968,4.28576,0.0
2,10,0.111812,197.784,0,0.0255376,4.28576,0.0
2,11,0.130262,228.728,0,0.985751,4.28576,0.0
2,12,0.0707279,124.71,0,0.0113587,4.28576,0.0
2,13,0.0114202,20.1475,0,0.0118802,4.28576,0.0
2,14,0.000125129,0.220752,0,3.43371e-05,1.1422,4.28576
3,0,9.25007,5643.3,114,42.0998,4.29085,0.0
3,1,4.07637,2492.34,209,2.74018,4.28966,0.0
3,2,1.09378,667.901,129,2.92394,4.28941,0.0
3,3,2.83559,1729.19,86,0.899968,4.28944,0.0
3,4,0.1609,98.1028,55,0.0272162,4.28944,0.0
3,5,0.0371892,22.6677,22,0.0472043,4.28945,0.0
3,6,0.00324848,1.97998,10,0.00199745,4.28945,0.0
3,7,0.00018331,0.111729,7,0.000194078,4.28945,0.0
3,8,0.000152088,0.0926989,7,0.000130525,4.28945,0.0
3,9,0.000152087,0.0926988,7,0.000130525,4.28945,0.0
3,10,0.000152087,0.0926988,0,0.000141225,0.529522,4.28945
4,0,1.09124,663.863,331,22.2862,4.29535,0.0
4,1,0.345439,210.347,261,0.853727,4.29513,0.0
4,2,0.833609,507.299,236,0.361688,4.2951,0.0
4,3,0.362049,220.545,20,0.261066,4.29498,0.0
4,4,0.273323,166.458,230,0.0154206,4.295,0.0
4,5,0.116492,70.9432,165,0.214062,4.295,0.0
4,6,0.133043,81.0196,38,0.00940101,4.29501,0.0
4,7,0.0539149,32.8328,77,0.0581843,4.295,0.0
4,8,0.0709576,43.2115,64,0.103621,4.295,0.0
4,9,0.172805,105.233,26,0.104167,4.295,0.0
4,10,0.207002,126.059,0,0.368008,4.29501,0.0
4,11,0.0898466,54.7046,0,0.213739,4.29502,0.0
4,12,0.0268342,16.3383,0,0.00986724,4.29502,0.0
4,13,0.00363552,2.21353,0,0.00460409,4.29502,0.0
4,14,9.57934e-05,0.0583249,0,1.5591e-05,0.080949,4.29502
5,0,0.752648,459.16,592,5.60129,4.29562,0.0
5,1,0.679411,414.385,478,0.768723,4.2955,0.0
5,2,0.55532,338.467,417,1.10433,4.29558,0.0
5,3,0.25386,154.733,10,0.349708,4.29557,0.0
5,4,0.0772557,47.0861,214,0.0646305,4.29557,0.0
5,5,0.0474786,28.9374,110,0.0461271,4.29556,0.0
5,6,0.0625337,38.1134,8,0.0342109,4.29556,0.0
5,7,0.032533,19.8284,58,0.0215309,4.29556,0.0
5,8,0.00608983,3.71165,40,0.0046185,4.29556,0.0
5,9,0.00312571,1.90507,5,0.00241026,4.29556,0.0
5,10,0.000390224,0.237835,0,0.000436646,0.0116685,4.29556
6,0,2.95803,1804.08,134,0.533796,4.29557,0.0
6,1,0.199031,121.35,140,0.169512,4.29557,0.0
6,2,0.132083,80.5348,150,0.0915958,4.29557,0.0
6,3,0.0730238,44.5222,108,0.16742,4.29558,0.0
6,4,0.0493706,30.1015,6,0.0714658,4.29557,0.0
6,5,0.0399577,24.3614,47,0.0663142,4.29558,0.0
6,6,0.00702941,4.28572,26,0.00745385,4.29558,0.0
6,7,0.0162156,9.88632,6,0.00635584,4.29558,0.0
6,8,0.0162074,9.88138,17,0.00548115,4.29558,0.0
6,9,0.000866073,0.52803,9,8.97787e-05,4.29558,0.0
6,10,4.91092e-05,0.029941,0,5.51557e-05,0.00211888,4.29558
1,0,25.2125,21790.7,722,116.316,6.00256,0.0
1,1,9.92641,33564.0,583,99.1463,6.00012,0.0
1,2,10.3234,45830.6,625,65.7552,6.00009,0.0
1,3,7.91356,24028.6,513,57.6653,6.00012,0.0
1,4,7.59405,27143.5,400,24.2001,6.00011,0.0
1,5,3.82046,11796.8,350,7.88818,6.00012,0.0
1,6,3.34262,10435.2,264,5.94152,6.00012,0.0
1,7,10.2658,35149.5,604,37.87,6.00018,0.0
1,8,5.50225,15879.2,593,24.4387,6.00017,0.0
1,9,2.89876,8631.81,492,87.2263,6.00016,0.0
1,10,1.08552,3218.68,0,4.20091,6.00016,0.0
1,11,0.855189,2512.75,0,5.35524,6.00016,0.0
1,12,0.104089,305.871,0,0.695067,6.00016,0.0
1,13,0.0105435,30.984,0,0.0386846,6.00016,0.0
1,14,0.00806809,23.7104,0,0.0188445,6.00016,0.0
1,15,0.000800114,2.35138,0,0.00682963,0.1,6.00016
2,0,14.9573,18194.5,630,75.459,6.00004,0.0
2,1,26.086,22551.5,397,57.9612,6.00863,0.0
2,2,4.22656,3641.36,294,10.5912,6.00422,0.0
2,3,4.28225,3696.92,148,2.41029,6.00204,0.0
2,4,4.45862,4310.46,105,0.0804172,6.00003,0.0
2,5,3.61009,3148.29,73,0.133723,6.00003,0.0
2,6,1.98608,1982.47,63,3.99026,6.00003,0.0
2,7,0.701405,664.229,50,0.705318,6.00003,0.0
2,8,0.121354,114.318,20,0.00855559,6.00003,0.0
2,9,0.00466078,4.38852,17,0.00204883,6.00003,0.0
2,10,0.000395853,0.372703,0,0.00399261,1.00699,6.00003
3,0,2.30773,1973.57,435,32.8402,6.01119,0.0
3,1,1.36637,1169.77,263,3.07321,6.01135,0.0
3,2,0.921894,789.934,207,1.8063,6.01068,0.0
3,3,0.607511,520.631,152,0.985483,6.01048,0.0
3,4,0.420865,360.783,82,0.13076,6.01044,0.0
3,5,0.140648,120.572,41,0.0523211,6.01046,0.0
3,6,0.320145,274.446,43,0.110476,6.01043,0.0
3,7,0.466938,400.4,33,0.0115961,6.01042,0.0
3,8,0.418756,359.016,20,0.0273238,6.01044,0.0
3,9,0.0310372,26.6083,12,0.00269552,6.01044,0.0
3,10,0.000343419,0.294415,0,0.000238504,0.297389,6.01044
4,0,1.53565,1313.91,703,8.26149,6.0176,0.0
4,1,0.77405,660.572,649,0.40296,6.01365,0.0
4,2,0.615557,525.243,463,0.97735,6.01355,0.0
4,3,0.215481,183.945,287,0.84795,6.0135,0.0
4,4,0.207481,177.118,358,1.08926,6.01346,0.0
4,5,0.126046,107.605,255,0.237118,6.01346,0.0
4,6,0.0849596,72.5269,115,0.111946,6.01346,0.0
4,7,0.110327,94.1846,164,0.133959,6.01345,0.0
4,8,0.0891615,76.1166,155,0.250444,6.01345,0.0
4,9,0.0384459,32.8205,36,0.0429444,6.01346,0.0
4,10,0.00820588,7.0052,0,0.028796,6.01346,0.0
4,11,0.00898119,7.66707,0,0.0375869,6.01346,0.0
4,12,0.00526057,4.49085,0,0.0201903,6.01346,0.0
4,13,0.0117042,9.99166,0,0.0131319,6.01346,0.0
4,14,0.000191082,0.163123,0,4.11901e-05,0.0413156,6.01346
5,0,0.257379,219.645,281,1.93638,6.01375,0.0
5,1,0.0495054,42.2373,161,0.0420654,6.01375,0.0
5,2,0.0467041,39.8477,99,0.064145,6.01375,0.0
5,3,0.0240858,20.55,29,0.022443,6.01375,0.0
5,4,0.0218964,18.682,60,0.0548234,6.01375,0.0
5,5,0.0424609,36.2276,43,0.00960998,6.01375,0.0
5,6,0.00787858,6.722,18,0.00478508,6.01375,0.0
5,7,0.00150417,1.28335,11,0.00174428,6.01375,0.0
5,8,0.00555515,4.73965,7,0.0021323,6.01375,0.0
5,9,0.00351863,3.00209,9,0.000915545,6.01375,0.0
5,10,0.000113179,0.096564,0,4.8237e-05,0.00409478,6.01375
1,0,46.9781,113983.0,883,679.316,12.0001,0.0
1,1,66.8957,813439.0,827,2603.43,12.0004,0.0
1,2,310390000.0,3323650000000000.0,2107,62402.6,5303.62,0.0
1,3,504661.0,984786000000000.0,1609,32390700000.0,3513.28,0.0
1,4,90323.3,291789000000000.0,1849,32122200000.0,2395.21,0.0
1,5,62538.4,86455800000000.0,1399,229311000.0,1622.57,0.0
1,6,41884.3,25616500000000.0,1045,36654400.0,1088.08,0.0
1,7,27804.1,7590070000000.0,715,2034050.0,739.69,0.0
1,8,15653000.0,1901400000000000.0,737,374046.0,1612.36,0.0
1,9,41003.8,563379000000000.0,529,159365.0,1071.15,0.0
1,10,27264.2,166927000000000.0,0,12769.0,749.697,0.0
1,11,388110.0,1060250000000000.0,0,18057.1,1351.03,0.0
1,12,684879.0,836383000000000.0,0,4109.37,996.188,0.0
1,13,452644.0,247817000000000.0,0,217.17,669.022,0.0
1,14,442599.0,109086000000000.0,0,173.817,1256.06,0.0
1,15,55224700.0,7.8555e+16,0,135.104,836.014,0.0
1,16,576918.0,2.32755e+16,0,47.3793,1042.86,0.0
1,17,905050.0,1.6199e+16,0,54.8547,2724.8,0.0
1,18,604982.0,4799720000000000.0,0,99.845,1810.27,0.0
1,19,404935.0,1422140000000000.0,2,82.3434,1235.75,0.0
1,20,13322000.0,2.06713e+16,2,1.43343,2801.81,0.0
1,21,8967400.0,6124840000000000.0,0,0.924177,2320.88,0.0
1,22,6061470.0,1814770000000000.0,0,0.328166,1543.03,0.0
1,23,4129410.0,537708000000000.0,0,0.0224569,1019.15,0.0
1,24,9985460.0,569698000000000.0,0,0.375034,686.714,0.0
1,0,12.6355,12380.8,701,96.2083,6.8659,0.0
1,1,6.5044,11137.7,632,13.469,6.8572,0.0
1,2,9.46076,12749.2,615,10.2836,6.85719,0.0
1,3,5.35648,8443.28,545,9.3295,6.8572,0.0
1,4,2.7166,4292.42,334,0.172937,6.8572,0.0
1,5,0.822162,1301.37,239,0.883592,6.8572,0.0
1,6,0.957063,1515.33,190,1.9748,6.8572,0.0
1,7,1.37427,2171.81,108,1.49227,6.8572,0.0
1,8,1.58781,2509.43,179,2.13663,6.8572,0.0
1,9,0.246848,390.769,175,0.642012,6.8572,0.0
1,10,0.257774,407.772,0,0.700646,6.8572,0.0
1,11,0.112946,178.769,0,0.278275,6.8572,0.0
1,12,0.0828533,131.198,0,0.190087,6.8572,0.0
1,13,0.0258088,40.8713,0,0.138825,6.8572,0.0
1,14,0.0164515,26.0535,0,0.00144745,6.8572,0.0
1,15,0.000306376,0.485194,0,0.00222309,0.1,6.8572
2,0,7.48603,7327.42,423,31.7911,6.85994,0.0
2,1,1.06961,1046.93,276,0.796169,6.8601,0.0
2,2,0.2364,231.395,175,0.203148,6.86008,0.0
2,3,0.146686,143.577,34,0.695969,6.86008,0.0
2,4,0.0405235,39.6645,76,0.0628744,6.86008,0.0
2,5,0.0894088,87.5139,39,0.0699559,6.86008,0.0
2,6,0.0147984,14.4848,7,0.0181653,6.86008,0.0
2,7,0.00623797,6.10576,24,0.00122796,6.86008,0.0
2,8,0.00220127,2.15462,20,0.00139582,6.86008,0.0
2,9,0.00127594,1.2489,10,0.000180672,6.86008,0.0
2,10,0.000174115,0.170425,0,3.35323e-05,0.244963,6.86008
3,0,2.01498,1965.29,304,34.2046,6.87033,0.0
3,1,0.24123,235.277,212,0.303252,6.87023,0.0
3,2,0.204002,198.986,159,0.225256,6.87018,0.0
3,3,0.103397,100.857,144,0.0989833,6.87017,0.0
3,4,0.0653575,63.7518,45,0.0353906,6.87017,0.0
3,5,0.0792095,77.2648,120,0.16834,6.87017,0.0
3,6,0.0656498,64.0367,132,0.191071,6.87017,0.0
3,7,0.0501514,48.9194,44,0.175821,6.87017,0.0
3,8,0.0351383,34.275,75,0.160542,6.87017,0.0
3,9,0.0215417,21.0124,51,0.00423993,6.87017,0.0
3,10,0.00912772,8.90345,0,0.0140315,6.87017,0.0
3,11,0.0100844,9.83658,0,4.77761e-05,6.87017,0.0
3,12,0.0278964,27.211,0,0.102932,6.87017,0.0
3,13,0.0318028,31.0214,0,0.0585725,6.87017,0.0
3,14,0.0285111,27.8107,0,0.023363,6.87017,0.0
3,15,0.107652,105.005,0,0.133723,6.87018,0.0
3,16,0.0702034,68.4771,0,0.0160174,6.87018,0.0
3,17,0.0104831,10.2253,0,0.0299262,6.87019,0.0
3,18,8.65437e-07,0.00084415,0,3.8174e-06,0.160207,6.87019
4,0,0.438131,427.143,387,14.5034,6.87267,0.0
4,1,0.351852,342.912,341,0.748143,6.87277,0.0
4,2,0.404472,394.263,275,0.324296,6.87261,0.0
4,3,0.412862,402.376,11,0.048634,6.87274,0.0
4,4,0.258209,251.707,183,0.252991,6.87258,0.0
4,5,0.0985553,96.0781,185,0.0120972,6.87256,0.0
4,6,0.0203694,19.8575,29,0.0336595,6.87257,0.0
4,7,0.108418,105.691,69,0.187817,6.87256,0.0
4,8,0.155548,151.639,143,0.170005,6.87256,0.0
4,9,0.074,72.1405,61,0.0178797,6.87255,0.0
4,10,0.0459665,44.812,0,0.119535,6.87257,0.0
4,11,0.107462,104.761,0,0.307951,6.87258,0.0
4,12,0.0997115,97.2186,0,0.464426,6.87258,0.0
4,13,0.0588992,57.4285,0,0.14137,6.87258,0.0
4,14,0.0324301,31.6217,0,0.207528,6.87257,0.0
4,15,0.0058387,5.69314,0,0.00789292,6.87258,0.0
4,16,3.81303e-05,0.0371797,0,5.82786e-05,0.0430731,6.87258
5,0,0.417806,407.282,296,1.32662,6.87285,0.0
5,1,0.0122828,11.9729,102,0.0221241,6.87284,0.0
5,2,0.00385386,3.75659,47,0.0190832,6.87284,0.0
5,3,0.00440949,4.29822,33,0.00661643,6.87284,0.0
5,4,0.000409504,0.399171,5,0.000228241,6.87284,0.0
5,5,6.24244e-06,0.00608493,3,1.02553e-06,6.87284,0.0
5,6,3.68965e-06,0.00359655,2,4.17454e-06,6.87284,0.0
5,7,3.69049e-06,0.00359737,2,4.17126e-06,6.87284,0.0
5,8,3.69049e-06,0.00359737,2,4.17126e-06,6.87284,0.0
5,9,3.69049e-06,0.00359737,2,4.17126e-06,6.87284,0.0
5,10,3.69049e-06,0.00359737,0,4.00808e-06,0.00749771,6.87284
1,0,10.214,12518.1,773,118.397,8.58253,0.0
1,1,7.14868,24503.7,710,87.3473,8.57157,0.0
1,2,24.3326,29770.2,620,147.707,8.57246,0.0
1,3,7.47816,25257.9,672,201.445,8.57156,0.0
1,4,13.5385,36012.9,454,98.2161,8.57154,0.0
1,5,4.41345,15528.2,475,23.462,8.57156,0.0
1,6,4.40906,15837.9,483,6.57737,8.57155,0.0
1,7,4.55798,15178.6,424,3.15246,8.57156,0.0
1,8,3.2419,10658.3,251,6.02387,8.57158,0.0
1,9,1.46288,4728.75,176,9.15535,8.57158,0.0
1,10,2.29872,7277.39,0,3.2067,8.57159,0.0
1,11,3.50751,11917.6,0,9.64448,8.57159,0.0
1,12,2.385,9603.32,0,2.76869,8.57159,0.0
1,13,0.606021,3101.44,0,6.80247,8.57158,0.0
1,14,0.159669,843.602,0,1.402,8.57158,0.0
1,15,0.0191613,101.703,0,0.295578,8.57158,0.0
1,16,0.00123726,6.56973,0,0.0243253,8.57158,0.0
1,17,2.31827e-05,0.123099,0,0.000575323,0.1,8.57158
2,0,7.21312,11308.4,613,110.356,8.58738,0.0
2,1,8.50542,10647.5,332,4.1942,8.57707,0.0
2,2,4.91559,6616.51,157,5.22665,8.57502,0.0
2,3,3.43181,4854.29,97,2.01756,8.57608,0.0
2,4,0.653848,982.403,64,2.98142,8.57688,0.0
2,5,0.894199,1256.81,27,1.69986,8.57598,0.0
2,6,0.118653,167.828,22,0.17065,8.57594,0.0
2,7,0.129168,182.609,19,0.193729,8.5759,0.0
2,8,0.0649201,91.3608,15,0.0109758,8.57586,0.0
2,9,0.000282895,0.398108,15,0.000159789,8.57586,0.0
2,10,0.00028386,0.399469,0,3.95983e-05,1.02588,8.57586
3,0,1.06985,1304.67,194,42.3465,8.59052,0.0
3,1,0.475627,579.347,410,1.83826,8.59039,0.0
3,2,0.463551,565.541,244,5.73839,8.5897,0.0
3,3,0.37176,453.741,202,2.1615,8.58931,0.0
3,4,0.267387,326.19,185,0.578678,8.58938,0.0
3,5,0.128612,156.949,112,0.26487,8.58941,0.0
3,6,0.0310717,37.9264,25,0.187513,8.58943,0.0
3,7,0.0777719,94.9217,29,0.287413,8.58942,0.0
3,8,0.0845131,103.156,38,0.302097,8.58943,0.0
3,9,0.00789111,9.63214,3,0.0326854,8.58943,0.0
3,10,0.000644658,0.786892,0,0.00159502,0.452291,8.58943
4,0,0.931275,1131.55,671,4.75717,8.59191,0.0
4,1,0.171248,208.475,846,1.04489,8.59109,0.0
4,2,0.145841,177.549,363,1.50433,8.59111,0.0
4,3,0.0226925,27.6287,291,0.188929,8.59107,0.0
4,4,0.0613544,74.6981,4,0.0983823,8.59108,0.0
4,5,0.0295005,35.917,137,0.0302051,8.59108,0.0
4,6,0.00446306,5.43379,67,0.00770729,8.59108,0.0
4,7,0.00162524,1.97873,4,0.00527728,8.59108,0.0
4,8,4.27315e-05,0.0520257,14,0.000124863,8.59108,0.0
4,9,5.34307e-06,0.00650521,5,3.48726e-05,8.59108,0.0
4,10,3.82604e-06,0.00465822,0,3.30278e-06,0.045941,8.59108
5,0,3.21442,3913.98,401,0.32496,8.59109,0.0
5,1,0.0910132,110.804,303,0.550883,8.59111,0.0
5,2,0.0579687,70.575,254,0.43766,8.5911,0.0
5,3,0.0246924,30.0614,171,0.00864822,8.59111,0.0
5,4,0.0238242,29.0051,139,0.0350786,8.59111,0.0
5,5,0.00487519,5.93535,16,0.00993521,8.59111,0.0
5,6,0.00137626,1.67555,39,0.0007551,8.59111,0.0
5,7,0.000568478,0.6921,20,0.000325331,8.59111,0.0
5,8,0.000580218,0.706393,12,0.000947122,8.59111,0.0
5,9,2.53675e-05,0.0308839,7,8.29417e-05,8.59111,0.0
5,10,1.35471e-06,0.00164931,0,2.47192e-06,0.0014114,8.59111
1,0,9.34406,13676.1,745,55.9328,10.3061,0.0
1,1,8.67215,25225.1,789,125.174,10.2858,0.0
1,2,7.10854,27427.2,773,26.4319,10.2858,0.0
1,3,13.2036,50133.0,626,114.541,10.2858,0.0
1,4,17.026,70432.2,550,93.6007,10.2858,0.0
1,5,8.68806,30940.8,509,24.6965,10.2859,0.0
1,6,6.78992,27267.4,435,39.4982,10.2858,0.0
1,7,5.51047,19439.8,465,7.79609,10.2858,0.0
1,8,4.37868,19184.2,477,22.372,10.2858,0.0
1,9,3.34213,12077.8,457,47.5977,10.2859,0.0
1,10,1.47711,5279.28,0,31.9004,10.2858,0.0
1,11,0.815629,3213.41,0,9.00987,10.2858,0.0
1,12,0.80194,2993.41,0,4.41523,10.2858,0.0
1,13,0.262148,991.288,0,1.64289,10.2858,0.0
1,14,0.0512138,196.823,0,1.07653,10.2858,0.0
1,15,0.0359074,137.02,0,0.0978726,10.2858,0.0
1,16,1.75951e-05,0.0671411,0,0.00037274,0.1,10.2858
2,0,9.03659,18432.2,345,36.9248,10.2858,0.0
2,1,6.62418,11651.0,915,9.73804,10.2858,0.0
2,2,22.8737,43543.4,405,15.1448,10.2858,0.0
2,3,4.37245,8211.68,244,7.21723,10.2858,0.0
2,4,0.469512,888.953,207,0.20377,10.2858,0.0
2,5,0.147628,279.449,135,1.05875,10.2858,0.0
2,6,0.0873066,165.354,115,0.12873,10.2858,0.0
2,7,0.120319,227.947,97,0.063772,10.2858,0.0
2,8,0.120149,227.72,96,0.111538,10.2858,0.0
2,9,0.0711163,134.787,65,0.183129,10.2858,0.0
2,10,0.184694,350.152,0,0.221894,10.2858,0.0
2,11,0.0980433,185.867,0,0.51869,10.2858,0.0
2,12,0.115498,218.715,0,0.31529,10.2858,0.0
2,13,0.136736,258.349,0,0.773501,10.2858,0.0
2,14,0.111901,211.298,0,0.608123,10.2858,0.0
2,15,0.00481884,9.09882,0,0.0268427,10.2858,0.0
2,16,0.00108346,2.04576,0,0.00790686,10.2858,0.0
2,17,0.000129937,0.245347,0,0.00127408,0.301736,10.2858
3,0,6.65087,9796.41,539,53.0876,10.2967,0.0
3,1,5.40082,7926.2,585,10.0593,10.2977,0.0
3,2,1.14481,1680.37,382,0.830564,10.2966,0.0
3,3,2.00091,2937.71,99,2.9566,10.2959,0.0
3,4,0.871276,1279.44,97,0.045235,10.2957,0.0
3,5,0.156481,229.814,33,0.00583436,10.2957,0.0
3,6,0.303392,445.593,34,0.259628,10.2957,0.0
3,7,0.000652874,0.958878,19,0.00200278,10.2957,0.0
3,8,0.000135592,0.199145,18,2.70691e-05,10.2957,0.0
3,9,0.000141227,0.207421,17,0.000296607,10.2957,0.0
3,10,4.74301e-05,0.0696607,0,0.000143368,0.168639,10.2957
4,0,2.21964,3240.9,348,33.1736,10.3072,0.0
4,1,1.97533,2886.42,467,6.50467,10.308,0.0
4,2,2.04519,2989.24,781,6.82753,10.3079,0.0
4,3,1.91574,2801.63,577,2.83594,10.3075,0.0
4,4,1.12316,1640.95,27,0.893206,10.3073,0.0
4,5,0.357462,522.243,300,0.383513,10.3071,0.0
4,6,0.171611,250.705,115,0.100217,10.3071,0.0
4,7,0.115165,168.245,35,0.0998803,10.3071,0.0
4,8,0.0764769,111.727,49,0.127302,10.3071,0.0
4,9,0.00137495,2.0087,19,0.00107435,10.3071,0.0
4,10,0.00119366,1.74385,0,4.09591e-05,10.3071,0.0
4,11,0.00253595,3.70484,0,0.000103102,10.3071,0.0
4,12,7.90162e-09,1.15437e-05,0,1.10588e-08,0.0783068,10.3071
5,0,2.4937,3640.4,341,8.77049,10.3095,0.0
5,1,0.319849,466.895,699,1.121,10.3093,0.0
5,2,0.0775679,113.248,404,0.915059,10.3092,0.0
5,3,0.0986361,144.006,99,0.663988,10.3092,0.0
5,4,0.017566,25.6448,186,0.0678237,10.3092,0.0
5,5,0.0123163,17.9809,92,0.00718317,10.3092,0.0
5,6,0.0120361,17.572,17,0.0193385,10.3092,0.0
5,7,0.00212741,3.10587,36,0.0131868,10.3092,0.0
5,8,0.000684014,0.998615,20,0.00195489,10.3092,0.0
5,9,9.17639e-05,0.133969,16,0.000326924,10.3092,0.0
5,10,0.000132299,0.193148,0,0.000432929,0.0162424,10.3092
6,0,2.45121,3578.43,392,0.306636,10.3093,0.0
6,1,0.0223565,32.634,268,0.0274946,10.3093,0.0
6,2,0.0270554,39.4925,132,0.0298313,10.3093,0.0
6,3,0.0182474,26.6352,68,0.036412,10.3093,0.0
6,4,0.00498477,7.27616,30,0.00792957,10.3093,0.0
6,5,0.000379562,0.554039,21,0.000821869,10.3093,0.0
6,6,4.70009e-05,0.0686062,10,7.21844e-05,10.3093,0.0
6,7,2.4497e-06,0.00357577,9,2.77591e-06,10.3093,0.0
6,8,2.42129e-06,0.00353431,9,2.36766e-06,10.3093,0.0
6,9,2.42129e-06,0.00353431,9,2.36766e-06,10.3093,0.0
6,10,2.42129e-06,0.00353431,0,2.09543e-06,0.00244033,10.3093
1,0,10.8189,18492.0,831,78.6153,12.0213,0.0
1,1,9.23038,29126.4,818,97.1048,12.0001,0.0
1,2,5.13694,15913.3,803,17.5747,12.0001,0.0
1,3,5.23331,17228.3,619,27.1359,12.0001,0.0
1,4,11.5555,38127.5,481,4.67901,12.0001,0.0
1,5,9.27411,31283.0,439,5.65659,12.0001,0.0
1,6,5.67673,16459.9,305,24.4442,12.0001,0.0
1,7,8.87463,25759.7,214,1.08805,12.0001,0.0
1,8,5.97996,19367.7,184,32.0828,12.0001,0.0
1,9,1.87322,6004.99,298,11.2866,12.0001,0.0
1,10,4.65364,15083.0,0,4.48053,12.0001,0.0
1,11,1.51838,4714.98,0,7.71849,12.0001,0.0
1,12,1.22199,3769.32,0,8.45684,12.0001,0.0
1,13,0.135655,418.623,0,0.460794,12.0001,0.0
1,14,0.082985,256.35,0,0.0529687,12.0001,0.0
1,15,0.00011363,0.351015,0,0.000286483,0.1,12.0001
2,0,13.892,23805.6,563,95.2896,12.0112,0.0
2,1,13.1218,22368.0,553,7.30401,12.0154,0.0
2,2,6.4062,11066.4,694,5.17849,12.0098,0.0
2,3,6.85391,11821.7,490,14.2006,12.0094,0.0
2,4,5.04079,8689.73,103,10.1003,12.0089,0.0
2,5,1.74813,3009.97,206,0.708058,12.0088,0.0
2,6,0.656727,1130.86,121,1.24984,12.0087,0.0
2,7,0.0970181,167.039,40,0.307865,12.0087,0.0
2,8,0.108752,187.223,30,0.301477,12.0089,0.0
2,9,0.010044,17.2911,15,0.011256,12.0089,0.0
2,10,0.000126471,0.217725,0,0.000239871,0.747387,12.0089
3,0,2.42396,4136.91,603,35.6408,12.0243,0.0
3,1,2.10778,3595.06,474,2.35905,12.0246,0.0
3,2,0.996217,1699.38,289,2.74325,12.0241,0.0
3,3,0.789922,1347.75,237,0.246272,12.024,0.0
3,4,0.193488,330.097,213,0.979526,12.0241,0.0
3,5,0.104172,177.709,118,0.0321185,12.0241,0.0
3,6,0.734814,1253.56,116,0.699139,12.0241,0.0
3,7,1.01661,1734.06,151,2.04045,12.0243,0.0
3,8,1.32898,2267.71,17,2.51111,12.024,0.0
3,9,0.303634,518.04,321,0.367076,12.0241,0.0
3,10,0.240096,409.585,0,0.214035,12.024,0.0
3,11,0.207211,353.52,0,1.04084,12.024,0.0
3,12,0.0667621,113.9,0,0.153223,12.0241,0.0
3,13,0.00598313,10.2076,0,0.0270769,12.0241,0.0
3,14,7.56506e-05,0.129064,0,0.00030797,0.369581,12.0241
4,0,4.64867,7908.95,573,9.05988,12.0281,0.0
4,1,0.286366,487.382,539,0.75117,12.0275,0.0
4,2,0.0877859,149.398,421,0.133625,12.0275,0.0
4,3,0.0260857,44.3939,195,0.00807093,12.0275,0.0
4,4,0.0155717,26.5011,134,0.0613573,12.0275,0.0
4,5,0.0154772,26.3407,10,0.0132367,12.0274,0.0
4,6,0.00417165,7.09976,67,0.00827994,12.0274,0.0
4,7,0.00452092,7.69417,64,0.0124932,12.0274,0.0
4,8,0.00366495,6.23739,6,0.00953921,12.0274,0.0
4,9,0.000548686,0.933811,25,0.00258481,12.0274,0.0
4,10,4.75114e-06,0.00808599,0,4.55581e-06,0.0412936,12.0274
5,0,3.96665,6750.95,555,0.74789,12.0276,0.0
5,1,0.0127088,21.6267,306,0.07593,12.0276,0.0
5,2,0.0312251,53.1354,286,0.0487256,12.0276,0.0
5,3,0.0180504,30.7167,4,0.0305088,12.0276,0.0
5,4,0.00323326,5.50211,81,0.0279731,12.0276,0.0
5,5,0.00291763,4.96499,62,0.00866559,12.0276,0.0
5,6,0.000392356,0.66768,1,0.000180262,12.0276,0.0
5,7,0.000455951,0.775901,15,0.000292216,12.0276,0.0
5,8,1.13528e-06,0.00193193,12,1.51079e-06,12.0276,0.0
5,9,1.01593e-06,0.00172883,12,1.59086e-06,12.0276,0.0
5,10,1.01593e-06,0.00172883,0,1.9012e-06,0.00467515,12.0276
1,0,40.0976,102654.0,1089,334.42,18.0128,0.0
1,1,94.5823,816352.0,1011,3417.0,18.0109,0.0
1,2,1414.71,85689100.0,998,2831.8,31.2185,0.0
1,3,584.878,25082100.0,783,110.36,26.5886,0.0
1,4,43884.0,1508420000.0,924,327.05,36.8324,0.0
1,5,14940.0,445083000.0,625,1028.25,25.3581,0.0
1,6,5883.12,129388000.0,462,1016.1,22.1659,0.0
1,7,2038.21,38009700.0,343,331.844,21.0438,0.0
1,8,14118.0,153348000.0,390,409.087,19.8939,0.0
1,9,63614.0,833243000.0,386,971.778,27.1053,0.0
1,10,46643.7,245924000.0,0,790.141,25.1538,0.0
1,11,20143.9,118041000.0,0,576.44,22.1675,0.0
1,12,1484720.0,11083700000.0,0,19.3632,31.3056,0.0
1,13,16123100.0,334070000000.0,0,2.05782,150.492,0.0
1,14,6616940.0,98977300000.0,0,0.538697,100.164,0.0
1,15,2923670.0,29322300000.0,0,0.087235,66.3961,0.0
1,16,443069000.0,3728140000000.0,0,0.121002,92.2311,0.0
1,17,229982000.0,1104610000000.0,0,0.273838,64.8749,0.0
1,18,106129000.0,327273000000.0,0,0.37339,47.3346,0.0
1,19,32676200.0,96958200000.0,0,0.175195,35.564,0.0
1,20,11026100.0,28720500000.0,0,0.188742,22.5008,0.0
1,21,168474000.0,436970000000.0,0,0.0156099,158.512,0.0
1,22,50149400.0,129465000000.0,0,0.230582,108.028,0.0
1,23,14897200.0,38355200000.0,0,0.0561431,72.7135,0.0
1,24,4552860.0,11361300000.0,0,0.00240373,51.4082,0.0
1,0,6.92915,12641.1,864,51.3895,12.8825,0.0
1,1,7.09324,13003.1,840,8.43879,12.8753,0.0
1,2,8.21425,15022.1,662,41.1657,12.8625,0.0
1,3,10.2662,18921.2,601,4.99215,12.8589,0.0
1,4,4.94669,9082.37,456,0.695813,12.861,0.0
1,5,5.4077,9957.3,623,0.975913,12.8584,0.0
1,6,6.54722,12042.9,526,9.24454,12.8593,0.0
1,7,4.31897,7951.38,193,4.78529,12.8588,0.0
1,8,0.704262,1297.01,403,4.53729,12.859,0.0
1,9,2.4233,4464.55,337,4.27212,12.8587,0.0
1,10,3.69542,6808.02,0,1.72161,12.8583,0.0
1,11,1.2697,2338.29,0,9.37244,12.8592,0.0
1,12,0.465566,857.327,0,2.82415,12.8594,0.0
1,13,0.0473074,87.1173,0,0.517343,12.8594,0.0
1,14,0.0155273,28.5935,0,0.06167,12.8594,0.0
1,15,1.51251e-06,0.00278529,0,1.61124e-06,0.1,12.8594
2,0,3.36282,6141.67,798,43.1956,12.8773,0.0
2,1,1.76841,3235.06,329,4.14591,12.879,0.0
2,2,1.39206,2544.59,193,5.04871,12.8782,0.0
2,3,0.470102,859.586,58,0.454718,12.8785,0.0
2,4,0.107547,196.65,101,0.583827,12.8785,0.0
2,5,0.0116583,21.3175,34,0.0336561,12.8785,0.0
2,6,0.0420788,76.9422,43,0.0236639,12.8785,0.0
2,7,0.0348947,63.8056,33,0.00329342,12.8785,0.0
2,8,0.00532508,9.73703,27,0.00663811,12.8785,0.0
2,9,0.00392188,7.17124,11,0.00373082,12.8785,0.0
2,10,0.000997698,1.82431,0,0.00241551,0.251878,12.8785
3,0,0.360019,656.436,430,28.0476,12.886,0.0
3,1,0.214026,390.226,275,0.614526,12.886,0.0
3,2,0.261942,477.597,241,0.0932916,12.886,0.0
3,3,0.13935,254.08,307,0.162949,12.886,0.0
3,4,0.0977928,178.302,9,0.04707,12.886,0.0
3,5,0.112644,205.384,169,0.0470494,12.886,0.0
3,6,0.0153978,28.0746,86,0.0123917,12.886,0.0
3,7,0.00778717,14.1983,1,0.00387255,12.886,0.0
3,8,0.00255146,4.65205,24,0.00788905,12.886,0.0
3,9,0.000985716,1.79724,9,0.002009,12.886,0.0
3,10,0.000760692,1.38696,0,0.000880513,0.119239,12.886
4,0,0.391418,713.437,710,3.54626,12.8868,0.0
4,1,0.170938,311.531,690,0.690749,12.8867,0.0
4,2,0.0386484,70.4396,727,0.15901,12.8867,0.0
4,3,0.0373843,68.1357,388,0.26115,12.8867,0.0
4,4,0.014095,25.6892,231,0.059612,12.8867,0.0
4,5,0.0116349,21.2056,2,0.0805353,12.8867,0.0
4,6,0.00754577,13.7527,98,0.0146747,12.8867,0.0
4,7,0.00661937,12.0643,69,0.0265803,12.8867,0.0
4,8,0.00684778,12.4806,46,0.0347416,12.8867,0.0
4,9,0.000846856,1.54346,27,0.000945934,12.8867,0.0
4,10,0.0026725,4.87083,0,0.00709585,12.8867,0.0
4,11,0.00297254,5.41768,0,0.00333294,12.8867,0.0
4,12,0.0122729,22.368,0,0.0863461,12.8867,0.0
4,13,0.0018598,3.38958,0,0.0182589,12.8867,0.0
4,14,3.47297e-05,0.0632967,0,0.000151592,0.0177904,12.8867
5,0,0.0772584,140.807,221,0.0918933,12.8867,0.0
5,1,0.00255846,4.66278,60,0.00419057,12.8867,0.0
5,2,0.00019365,0.352928,28,0.000327251,12.8867,0.0
5,3,5.00175e-05,0.0911568,17,0.000392928,12.8867,0.0
5,4,3.08463e-06,0.00562173,15,4.88257e-06,12.8867,0.0
5,5,3.07641e-06,0.00560676,15,5.75267e-06,12.8867,0.0
5,6,3.07641e-06,0.00560675,15,5.75267e-06,12.8867,0.0
5,7,3.07641e-06,0.00560675,15,5.75267e-06,12.8867,0.0
5,8,3.07641e-06,0.00560675,15,5.75267e-06,12.8867,0.0
5,9,3.07641e-06,0.00560675,15,5.75267e-06,12.8867,0.0
5,10,3.07641e-06,0.00560675,0,5.36898e-06,0.000888075,12.8867
1,0,10.6257,22020.7,877,64.8852,14.5988,0.0
1,1,9.43817,31005.0,879,117.673,14.5716,0.0
1,2,9.08887,25966.0,889,20.9008,14.5715,0.0
1,3,6.96143,24147.0,686,19.5953,14.5716,0.0
1,4,9.08467,29056.0,626,19.2333,14.5716,0.0
1,5,6.67599,23604.5,191,19.2615,14.5716,0.0
1,6,7.00422,24444.2,639,13.5402,14.5716,0.0
1,7,10.2219,36874.1,672,43.6761,14.5716,0.0
1,8,5.00715,16258.8,546,58.0196,14.5716,0.0
1,9,6.24335,23152.1,528,53.3855,14.5716,0.0
1,10,8.05322,26409.6,0,49.4074,14.5716,0.0
1,11,2.11489,7111.75,0,32.3256,14.5715,0.0
1,12,1.41587,4819.77,0,11.6987,14.5715,0.0
1,13,0.16833,572.844,0,0.754914,14.5715,0.0
1,14,0.0199772,67.9894,0,0.0654158,14.5715,0.0
1,15,0.000313053,1.06543,0,0.00133344,0.1,14.5715
2,0,7.75326,16106.2,769,75.7405,14.5928,0.0
2,1,4.13615,8580.94,343,4.09355,14.589,0.0
2,2,4.38002,9094.15,274,6.28741,14.591,0.0
2,3,2.71521,5639.16,304,3.95665,14.5885,0.0
2,4,0.587851,1221.15,34,0.460601,14.5882,0.0
2,5,0.00728172,15.1263,34,0.00476601,14.5882,0.0
2,6,0.00280303,5.82274,22,0.00359625,14.5882,0.0
2,7,0.00280263,5.82191,21,0.00359121,14.5882,0.0
2,8,0.00280273,5.82212,21,0.00359125,14.5882,0.0
2,9,0.00280263,5.82191,21,0.00359125,14.5882,0.0
2,10,0.00280273,5.82212,0,0.00340204,14.5882,0.0
2,11,0.00133285,2.76874,0,0.00022682,14.5882,0.0
2,12,8.22622e-10,1.70883e-06,0,1.49045e-09,0.335566,14.5882
3,0,2.88623,5960.83,514,35.9392,14.6037,0.0
3,1,0.38293,790.222,482,0.624769,14.6042,0.0
3,2,0.0929086,191.824,363,0.317505,14.6039,0.0
3,3,0.108778,224.661,77,0.345383,14.6037,0.0
3,4,0.0666711,137.681,132,0.14635,14.6037,0.0
3,5,0.0113754,23.4914,79,0.0318084,14.6037,0.0
3,6,0.00286415,5.91479,16,0.00381124,14.6037,0.0
3,7,0.00418619,8.64493,42,0.0101547,14.6037,0.0
3,8,0.00142856,2.95012,28,0.00376031,14.6037,0.0
3,9,0.00145648,3.00778,11,0.0061841,14.6037,0.0
3,10,0.00144797,2.99021,0,0.00495685,14.6037,0.0
3,11,4.46103e-06,0.0092125,0,2.83245e-05,0.164813,14.6037
4,0,2.02801,4184.97,1259,3.45305,14.6051,0.0
4,1,0.034498,71.1966,711,0.312502,14.6049,0.0
4,2,0.0332894,68.7039,463,0.278989,14.6049,0.0
4,3,0.00999064,20.6197,11,0.0219582,14.6049,0.0
4,4,0.00325897,6.72616,140,0.00558705,14.6049,0.0
4,5,0.0128733,26.5693,98,0.0272862,14.6049,0.0
4,6,0.00828051,17.0902,23,0.0113546,14.6049,0.0
4,7,0.0066498,13.7245,42,0.00573492,14.6049,0.0
4,8,0.00450413,9.29608,31,0.00215334,14.6049,0.0
4,9,0.00227291,4.69107,13,0.000127426,14.6049,0.0
4,10,0.000716707,1.47921,0,0.000942143,0.0251647,14.6049
5,0,2.0153,4159.76,161,0.0200511,14.6049,0.0
5,1,0.00159109,3.28383,60,0.00458468,14.6049,0.0
5,2,0.00122884,2.53619,33,0.000622841,14.6049,0.0
5,3,6.89459e-05,0.142297,13,6.47312e-05,14.6049,0.0
5,4,5.75545e-06,0.0118786,11,2.96716e-06,14.6049,0.0
5,5,5.0309e-07,0.00103832,11,1.22424e-06,14.6049,0.0
5,6,5.03103e-07,0.00103835,11,1.22424e-06,14.6049,0.0
5,7,5.03103e-07,0.00103835,11,1.22424e-06,14.6049,0.0
5,8,5.03103e-07,0.00103835,11,1.22424e-06,14.6049,0.0
5,9,5.03103e-07,0.00103835,11,1.22424e-06,14.6049,0.0
5,10,5.03103e-07,0.00103835,0,9.72339e-07,0.000220713,14.6049
1,0,5.04032,11638.4,1060,24.8882,16.321,0.0
1,1,7.94472,27814.2,991,121.868,16.2858,0.0
1,2,5.33465,17993.7,832,24.4612,16.2858,0.0
1,3,3.22374,11198.1,756,3.27941,16.2859,0.0
1,4,6.66198,24066.8,573,2.14179,16.2859,0.0
1,5,3.55912,12337.8,267,3.91341,16.2859,0.0
1,6,3.63022,12883.2,467,5.64254,16.2859,0.0
1,7,5.00911,17492.5,480,2.5633,16.2859,0.0
1,8,5.64574,19769.9,347,20.9539,16.2859,0.0
1,9,4.6914,16590.5,615,13.1166,16.2859,0.0
1,10,1.16652,4145.66,0,7.32932,16.2859,0.0
1,11,0.639135,2240.34,0,8.75979,16.2859,0.0
1,12,0.19413,682.121,0,1.33371,16.2859,0.0
1,13,0.00804857,28.2778,0,0.123576,16.2859,0.0
1,14,0.00256964,9.02813,0,0.00988814,16.2859,0.0
1,15,0.00811531,28.5128,0,0.0176719,16.2859,0.0
1,16,3.23875e-06,0.0113792,0,1.99943e-05,0.1,16.2859
2,0,7.49865,17379.5,850,68.3931,16.2904,0.0
2,1,6.61633,15475.0,836,34.0989,16.2943,0.0
2,2,4.82687,11230.7,850,18.1589,16.2931,0.0
2,3,3.08284,7175.16,200,2.63254,16.2914,0.0
2,4,0.698688,1626.62,304,0.621823,16.2908,0.0
2,5,1.17791,2741.95,142,3.49154,16.2907,0.0
2,6,0.373709,870.009,12,0.0683994,16.2906,0.0
2,7,0.0921116,214.432,55,0.262292,16.2906,0.0
2,8,0.013992,32.5728,36,0.0321706,16.2906,0.0
2,9,0.00558561,13.0031,20,0.0160942,16.2906,0.0
2,10,0.00280787,6.53661,0,0.00204012,16.2906,0.0
2,11,0.00136386,3.17502,0,0.00342176,16.2906,0.0
2,12,0.00029928,0.69671,0,0.000373471,0.240044,16.2906
3,0,3.92375,9089.67,397,57.7302,16.3128,0.0
3,1,3.51744,8113.86,969,16.5091,16.3159,0.0
3,2,3.85414,8931.44,846,13.6293,16.313,0.0
3,3,2.33272,5395.11,548,2.26167,16.3124,0.0
3,4,0.893096,2065.95,297,1.97103,16.3126,0.0
3,5,1.5445,3574.6,103,2.95969,16.312,0.0
3,6,3.87402,8951.86,480,9.79297,16.3139,0.0
3,7,2.44837,5665.67,477,4.32409,16.3125,0.0
3,8,0.270815,626.617,84,1.54747,16.3121,0.0
3,9,0.160465,371.308,218,1.06478,16.3122,0.0
3,10,0.889961,2059.57,0,2.18095,16.3122,0.0
3,11,0.749853,1734.43,0,1.45258,16.3126,0.0
3,12,0.318599,736.857,0,1.46613,16.3127,0.0
3,13,0.201309,465.582,0,1.35561,16.3128,0.0
3,14,0.0806499,186.53,0,0.408813,16.3128,0.0
3,15,0.00307388,7.10939,0,0.0118157,16.3128,0.0
3,16,0.00127831,2.95654,0,0.00585126,16.3128,0.0
3,17,0.000773052,1.78795,0,0.0031056,0.156049,16.3128
4,0,0.521717,1202.86,499,31.1105,16.3225,0.0
4,1,0.139654,321.956,189,0.329377,16.3224,0.0
4,2,0.0317138,73.1125,135,0.180845,16.3224,0.0
4,3,0.0104671,24.1306,112,0.0495208,16.3224,0.0
4,4,0.00562438,12.9664,58,0.0160693,16.3224,0.0
4,5,0.0156719,36.1297,4,0.0449231,16.3224,0.0
4,6,0.00213942,4.9322,33,0.00439797,16.3224,0.0
4,7,0.0012376,2.85315,18,0.00277352,16.3224,0.0
4,8,0.000121317,0.279683,14,0.00415917,16.3224,0.0
4,9,0.000118863,0.274025,13,0.00418007,16.3224,0.0
4,10,0.000121244,0.279513,0,2.64996e-05,0.0772686,16.3224
5,0,0.571275,1316.92,487,4.47796,16.3235,0.0
5,1,0.0374753,86.3728,735,0.284495,16.3232,0.0
5,2,0.0150418,34.6689,462,0.148383,16.3232,0.0
5,3,0.0381612,87.955,2,0.048081,16.3232,0.0
5,4,0.0165303,38.0998,132,0.109972,16.3232,0.0
5,5,0.00602048,13.8763,93,0.020911,16.3232,0.0
5,6,0.00105623,2.43446,2,0.00173754,16.3232,0.0
5,7,0.00106068,2.4447,32,0.000150906,16.3232,0.0
5,8,0.00052101,1.20085,20,0.00180699,16.3232,0.0
5,9,0.000187563,0.432305,8,0.000621114,16.3232,0.0
5,10,5.09847e-06,0.0117512,0,4.50292e-05,0.0123147,16.3232
6,0,0.275378,634.76,189,0.0360471,16.3232,0.0
6,1,0.00823855,18.9886,111,0.0390002,16.3232,0.0
6,2,0.0107798,24.8456,89,0.03408,16.3232,0.0
6,3,0.00697591,16.0783,41,0.00259559,16.3232,0.0
6,4,0.00199104,4.58903,16,0.00670723,16.3232,0.0
6,5,0.000114243,0.263311,7,3.82763e-08,16.3232,0.0
6,6,1.09644e-06,0.00252712,8,2.42816e-06,16.3232,0.0
6,7,1.09644e-06,0.00252712,8,2.43918e-06,16.3232,0.0
6,8,1.09644e-06,0.00252712,8,2.43918e-06,16.3232,0.0
6,9,1.09644e-06,0.00252712,8,2.43918e-06,16.3232,0.0
6,10,1.09644e-06,0.00252712,0,2.55857e-06,0.000109536,16.3232
1,0,5.50358,14039.0,969,40.1652,18.0392,0.0
1,1,9.95438,31768.6,895,117.667,18.0001,0.0
1,2,9.59536,29531.1,950,20.6638,18.0001,0.0
1,3,6.49843,24696.0,678,15.1013,18.0001,0.0
1,4,3.23807,12295.9,624,22.986,18.0001,0.0
1,5,2.73198,10422.4,391,5.51177,18.0001,0.0
1,6,1.05578,4012.96,328,4.3687,18.0001,0.0
1,7,1.95098,7428.4,310,5.37277,18.0001,0.0
1,8,0.673702,2560.11,227,2.93279,18.0001,0.0
1,9,0.547971,2083.83,208,1.09122,18.0001,0.0
1,10,2.16782,8268.93,0,2.72221,18.0001,0.0
1,11,2.87649,10918.6,0,5.29184,18.0001,0.0
1,12,1.11224,4225.83,0,4.12461,18.0001,0.0
1,13,1.43613,5451.45,0,3.89873,18.0001,0.0
1,14,0.113614,431.21,0,0.438167,18.0001,0.0
1,15,0.0340619,129.297,0,0.186776,18.0001,0.0
1,16,0.00175767,6.67204,0,0.0100842,18.0001,0.0
1,17,0.00105012,3.98623,0,0.0062511,18.0001,0.0
1,18,2.00915e-08,7.62669e-05,0,1.45188e-08,0.1,18.0001
2,0,7.35109,18861.3,596,65.5225,18.0175,0.0
2,1,5.53124,14115.2,1350,3.89878,18.0041,0.0
2,2,5.14427,13115.6,804,1.11259,18.0075,0.0
2,3,3.73933,9533.57,512,4.51457,18.0075,0.0
2,4,5.45319,13926.2,198,8.20943,18.0046,0.0
2,5,1.01213,2585.09,157,1.87162,18.0046,0.0
2,6,0.68728,1755.77,119,1.72529,18.0043,0.0
2,7,0.144392,368.886,81,0.064774,18.0041,0.0
2,8,0.196593,502.259,63,0.282249,18.0041,0.0
2,9,0.156309,399.339,36,0.355956,18.0041,0.0
2,10,0.0744506,190.21,0,0.257935,18.0041,0.0
2,11,0.152965,390.759,0,1.00102,18.0043,0.0
2,12,0.30606,781.694,0,0.997778,18.0045,0.0
2,13,0.123839,316.274,0,0.42711,18.0045,0.0
2,14,0.0181397,46.3275,0,0.0922344,18.0045,0.0
2,15,0.000960787,2.45379,0,0.0011292,0.231809,18.0045
3,0,3.57193,9078.57,338,53.5586,18.0332,0.0
3,1,0.809558,2059.04,238,0.654503,18.0318,0.0
3,2,0.578859,1472.7,137,0.0940324,18.0312,0.0
3,3,0.0748262,190.364,46,0.330697,18.0312,0.0
3,4,0.0285019,72.5107,58,0.165929,18.0312,0.0
3,5,0.00258624,6.57955,29,0.00292441,18.0312,0.0
3,6,0.000135792,0.345464,10,0.000136938,18.0312,0.0
3,7,5.72692e-06,0.0145696,10,1.70326e-05,18.0312,0.0
3,8,5.72692e-06,0.0145696,10,1.70326e-05,18.0312,0.0
3,9,5.72692e-06,0.0145696,10,1.70326e-05,18.0312,0.0
3,10,5.72692e-06,0.0145696,0,2.02388e-05,0.163587,18.0312
4,0,0.523216,1331.12,182,33.933,18.0405,0.0
4,1,0.185414,471.698,136,0.701801,18.0404,0.0
4,2,0.176418,448.839,122,0.643988,18.0402,0.0
4,3,0.0418198,106.396,72,0.0608088,18.0403,0.0
4,4,0.015463,39.3403,1,0.0888933,18.0403,0.0
4,5,0.00538235,13.6935,16,0.000928338,18.0403,0.0
4,6,0.00138903,3.53389,9,0.00316629,18.0403,0.0
4,7,0.000187053,0.475891,7,0.000612739,18.0403,0.0
4,8,2.19421e-06,0.00558239,6,2.11346e-06,18.0403,0.0
4,9,2.19386e-06,0.0055815,6,2.90978e-06,18.0403,0.0
4,10,2.19386e-06,0.0055815,0,2.36466e-06,0.07763,18.0403
5,0,0.14536,370.007,769,7.51,18.0416,0.0
5,1,0.131849,335.605,576,3.21601,18.0414,0.0
5,2,0.12042,306.504,421,3.48298,18.0414,0.0
5,3,0.0370367,94.2672,386,0.412045,18.0414,0.0
5,4,0.0232599,59.2015,242,0.0766789,18.0414,0.0
5,5,0.0109196,27.7928,13,0.0734008,18.0414,0.0
5,6,0.0074504,18.9629,126,0.0281462,18.0414,0.0
5,7,0.00117864,2.9999,53,0.0060562,18.0414,0.0
5,8,0.00387751,9.8691,15,0.0109609,18.0414,0.0
5,9,0.000919978,2.34154,18,5.34524e-05,18.0414,0.0
5,10,0.000223591,0.569087,0,0.000533363,0.0188106,18.0414
6,0,0.162282,413.099,270,0.538971,18.0414,0.0
6,1,0.00591273,15.05,110,0.00572902,18.0414,0.0
6,2,0.00558996,14.2284,91,0.0485622,18.0414,0.0
6,3,0.00802452,20.4252,1,0.0150879,18.0414,0.0
6,4,0.00655944,16.696,70,0.0319365,18.0414,0.0
6,5,0.000683657,1.74014,47,0.00404967,18.0414,0.0
6,6,0.000528366,1.34487,20,0.000323512,18.0414,0.0
6,7,0.00051806,1.31864,16,0.00106377,18.0414,0.0
6,8,0.000189925,0.483422,11,0.000258528,18.0414,0.0
6,9,7.06416e-06,0.0179807,8,6.77398e-06,18.0414,0.0
6,10,2.09656e-07,0.000533645,0,3.93885e-07,0.00165931,18.0414
1,0,13.4354,45587.0,1207,149.861,24.0385,0.0
1,1,123.092,1047900.0,1074,4062.44,24.0054,0.0
1,2,21980.0,331670000.0,1110,3509.31,31.5262,0.0
1,3,7141.23,424534000.0,853,1255.92,34.1008,0.0
1,4,2373.91,125543000.0,857,1149.61,30.4433,0.0
1,5,1029.22,37036200.0,622,532.816,27.6776,0.0
1,6,386.074,10860400.0,552,31.4562,26.269,0.0
1,7,124.748,3207430.0,405,70.8932,25.4242,0.0
1,8,36.5285,923729.0,370,161.201,24.9388,0.0
1,9,2171960.0,167202000000.0,2002,2663.52,63.8131,0.0
1,10,711614.0,49539600000.0,24,46588.9,44.5529,0.0
1,11,286388.0,14677100000.0,0,48801.8,30.7037,0.0
1,12,118116.0,4348020000.0,0,970.153,27.1373,0.0
1,13,49160.9,1287780000.0,0,8.11131,26.2916,0.0
1,14,24276.6,381218000.0,0,5.89213,28.0609,0.0
1,15,14957.3,151592000.0,0,2.76915,26.887,0.0
1,16,10374.8,44349800.0,0,3.61081,25.9618,0.0
1,17,3912.31,12836900.0,0,0.0770271,25.4691,0.0
1,18,1100.21,3677430.0,0,0.239794,25.0693,0.0
1,19,2703890.0,33833200000.0,0,0.280929,30.6274,0.0
1,20,889546.0,10022400000.0,0,0.059041,24.6006,0.0
1,21,453054.0,2968180000.0,0,0.0144744,24.5579,0.0
1,22,237102.0,878657000.0,0,0.113827,24.6205,0.0
1,23,78821.5,259892000.0,0,0.0341007,25.1942,0.0
1,24,23207.2,76751100.0,0,0.0614836,24.9684,0.0
1,0,2.13058,5681.1,1077,25.5703,18.8982,0.0
1,1,4.06917,10852.1,927,31.7353,18.8845,0.0
1,2,4.03069,10799.3,1036,22.3291,18.8789,0.0
1,3,8.35624,22362.4,687,31.3664,18.8743,0.0
1,4,8.07973,21683.8,635,20.1297,18.8732,0.0
1,5,4.27722,11431.9,769,2.74306,18.8743,0.0
1,6,3.82399,10254.2,667,0.247164,18.8713,0.0
1,7,2.99205,8022.05,47,2.00391,18.8707,0.0
1,8,1.21765,3265.66,514,0.321973,18.8709,0.0
1,9,1.85067,4964.02,434,4.60179,18.8711,0.0
1,10,1.8603,4989.43,0,8.20351,18.8703,0.0
1,11,1.72177,4617.77,0,9.66282,18.8718,0.0
1,12,0.249882,670.112,0,1.62558,18.8722,0.0
1,13,0.0271942,72.9277,0,0.101477,18.8722,0.0
1,14,0.00294637,7.90138,0,0.00508027,18.8722,0.0
1,15,5.03283e-07,0.00134967,0,1.02743e-06,0.1,18.8722
2,0,2.39529,6399.63,884,50.9934,18.8927,0.0
2,1,0.950922,2540.04,593,3.31389,18.8918,0.0
2,2,0.699826,1869.17,546,4.41491,18.8913,0.0
2,3,0.767864,2050.8,2,1.60114,18.8907,0.0
2,4,0.0857208,228.942,336,0.0796798,18.8908,0.0
2,5,0.014061,37.5538,213,0.0347414,18.8908,0.0
2,6,0.0153674,41.043,9,0.0641864,18.8908,0.0
2,7,0.0116022,30.987,183,0.045483,18.8908,0.0
2,8,0.0170354,45.4977,150,0.0147765,18.8908,0.0
2,9,0.0179451,47.9274,19,0.0583927,18.8908,0.0
2,10,0.0129309,34.5356,0,0.0633312,18.8908,0.0
2,11,0.015266,40.7722,0,0.143556,18.8908,0.0
2,12,0.00845265,22.5752,0,0.0537259,18.8908,0.0
2,13,0.00277736,7.41771,0,0.0181376,18.8908,0.0
2,14,0.000124025,0.331242,0,0.000449855,0.239584,18.8908
3,0,0.492499,1312.91,483,23.6415,18.9,0.0
3,1,0.346255,923.088,573,2.89865,18.8997,0.0
3,2,0.225843,601.954,370,0.280229,18.8998,0.0
3,3,0.0477278,127.215,9,0.226499,18.8998,0.0
3,4,0.174838,466.074,412,0.794713,18.8996,0.0
3,5,0.0656313,174.956,144,0.259688,18.8995,0.0
3,6,0.018812,50.1478,3,0.072972,18.8995,0.0
3,7,0.0103056,27.472,68,0.0734082,18.8995,0.0
3,8,0.00400542,10.6774,37,0.0132001,18.8995,0.0
3,9,0.000924706,2.46502,5,0.00451827,18.8995,0.0
3,10,0.000365118,0.973306,0,0.00075146,0.0975584,18.8995
4,0,0.496645,1323.45,489,5.24195,18.9009,0.0
4,1,0.153078,408.039,644,0.897482,18.9005,0.0
4,2,0.0181794,48.4576,393,0.375867,18.9005,0.0
4,3,0.0200621,53.4757,224,0.0071426,18.9005,0.0
4,4,0.0159203,42.4357,11,0.0981851,18.9005,0.0
4,5,0.00631089,16.8218,106,0.03441,18.9005,0.0
4,6,0.00518992,13.8338,79,0.0210409,18.9005,0.0
4,7,0.00139065,3.70678,17,7.27505e-05,18.9005,0.0
4,8,0.000258646,0.689424,25,0.00110964,18.9005,0.0
4,9,1.35942e-05,0.0362356,10,3.86362e-05,18.9005,0.0
4,10,8.79156e-07,0.0023434,0,2.86515e-06,0.0164148,18.9005
5,0,0.0382761,102.028,164,0.320391,18.9005,0.0
5,1,0.00659234,17.572,79,0.00682935,18.9005,0.0
5,2,0.00150971,4.02417,42,0.0060487,18.9005,0.0
5,3,0.000119111,0.317492,14,0.000617822,18.9005,0.0
5,4,7.66426e-06,0.0204292,9,1.68692e-05,18.9005,0.0
5,5,1.88591e-07,0.000502693,9,2.42936e-06,18.9005,0.0
5,6,1.88591e-07,0.000502693,9,2.42938e-06,18.9005,0.0
5,7,1.88591e-07,0.000502693,9,2.42938e-06,18.9005,0.0
5,8,1.88592e-07,0.000502694,9,2.42938e-06,18.9005,0.0
5,9,1.88592e-07,0.000502694,9,2.42938e-06,18.9005,0.0
5,10,1.88592e-07,0.000502694,0,2.64041e-06,0.00151984,18.9005
1,0,10.5701,30915.6,1080,83.9366,20.6123,0.0
1,1,11.0963,42113.4,1060,90.1381,20.5716,0.0
1,2,13.7746,47669.7,987,22.76,20.5715,0.0
1,3,5.48411,22087.7,695,54.2895,20.5716,0.0
1,4,6.88674,26845.5,734,28.4218,20.5716,0.0
1,5,3.2987,12726.7,451,5.99445,20.5716,0.0
1,6,3.3724,13482.6,495,12.6404,20.5716,0.0
1,7,2.97113,11677.8,438,6.54591,20.5716,0.0
1,8,1.37598,5449.35,411,2.61768,20.5716,0.0
1,9,0.839793,3320.82,307,3.74273,20.5716,0.0
1,10,0.747456,2956.3,0,3.54212,20.5716,0.0
1,11,0.339266,1342.56,0,3.7707,20.5716,0.0
1,12,0.142176,562.436,0,1.57823,20.5716,0.0
1,13,0.215412,861.234,0,0.851914,20.5716,0.0
1,14,0.060756,243.307,0,0.331163,20.5716,0.0
1,15,0.0209317,83.8044,0,0.0790023,20.5716,0.0
1,16,4.74771e-06,0.0190085,0,1.98285e-05,0.1,20.5716
2,0,4.78478,13919.0,868,60.0367,20.5836,0.0
2,1,4.76323,13944.1,1524,8.49208,20.5847,0.0
2,2,3.24464,9492.26,975,6.53604,20.5817,0.0
2,3,2.28969,6695.77,300,3.17238,20.5787,0.0
2,4,1.20838,3533.68,412,0.675501,20.5781,0.0
2,5,0.866672,2533.94,204,0.634925,20.5781,0.0
2,6,1.43426,4193.76,79,1.01977,20.5782,0.0
2,7,1.11068,3247.33,153,2.14816,20.5784,0.0
2,8,1.10997,3245.63,163,2.88748,20.578,0.0
2,9,0.854189,2496.49,87,2.23605,20.5784,0.0
2,10,1.58782,4641.29,0,3.46601,20.5781,0.0
2,11,0.749615,2190.78,6,8.16347,20.5794,0.0
2,12,0.467785,1366.81,0,2.68558,20.5802,0.0
2,13,0.141034,411.998,0,0.193562,20.5796,0.0
2,14,0.00465498,13.5985,0,0.00727882,20.5796,0.0
2,15,7.22284e-06,0.0210999,0,9.27667e-06,0.23917,20.5796
3,0,4.15124,12076.2,992,51.0555,20.6014,0.0
3,1,3.93594,11477.9,1371,12.8347,20.6081,0.0
3,2,2.92243,8490.07,1365,12.1472,20.606,0.0
3,3,1.90987,5557.94,402,0.878035,20.6034,0.0
3,4,2.31869,6749.11,665,4.59394,20.6048,0.0
3,5,1.87582,5457.58,524,4.60799,20.6029,0.0
3,6,5.87262,17087.0,130,2.59848,20.6024,0.0
3,7,0.56774,1651.79,108,1.93453,20.6028,0.0
3,8,0.0627565,182.581,39,0.0164221,20.6027,0.0
3,9,0.0316143,91.9784,38,0.0586433,20.6028,0.0
3,10,0.0418042,121.625,0,0.030395,20.6028,0.0
3,11,0.00879818,25.5973,0,0.00410945,20.6028,0.0
3,12,0.0046705,13.5883,0,0.00600123,20.6028,0.0
3,13,0.00187219,5.44693,0,0.00022541,20.6028,0.0
3,14,9.37737e-06,0.0272824,0,2.15853e-05,0.149617,20.6028
4,0,0.70881,2059.63,296,34.9823,20.6163,0.0
4,1,0.0322412,93.6794,94,0.0032945,20.6163,0.0
4,2,0.000835161,2.42663,29,0.00216661,20.6163,0.0
4,3,9.12723e-05,0.265199,9,2.75265e-05,20.6163,0.0
4,4,9.15064e-06,0.0265879,3,1.98483e-06,20.6163,0.0
4,5,8.46135e-07,0.00245851,2,7.25566e-06,20.6163,0.0
4,6,2.92366e-07,0.000849491,1,1.43533e-06,20.6163,0.0
4,7,1.18917e-07,0.000345524,1,5.35597e-07,20.6163,0.0
4,8,1.18917e-07,0.000345523,1,5.35597e-07,20.6163,0.0
4,9,1.18917e-07,0.000345523,1,5.35597e-07,20.6163,0.0
4,10,1.18917e-07,0.000345523,0,3.58861e-07,0.0890401,20.6163
5,0,0.198014,575.321,439,10.3605,20.6187,0.0
5,1,0.100315,291.422,369,1.34402,20.6188,0.0
5,2,0.0622812,180.94,292,0.390951,20.6187,0.0
5,3,0.0153141,44.491,2,0.208696,20.6186,0.0
5,4,0.00613109,17.8123,66,0.0627793,20.6186,0.0
5,5,0.0431296,125.305,188,0.151656,20.6186,0.0
5,6,0.00722531,20.9918,23,0.0248498,20.6186,0.0
5,7,0.000539988,1.56884,21,0.00225994,20.6186,0.0
5,8,3.30757e-05,0.0960955,13,6.55893e-05,20.6186,0.0
5,9,2.01566e-06,0.00585614,12,1.55008e-06,20.6186,0.0
5,10,2.01579e-06,0.00585651,0,2.04559e-06,0.0191014,20.6186
6,0,0.960751,2791.56,294,1.1024,20.6188,0.0
6,1,0.0454803,132.138,202,0.0804253,20.6188,0.0
6,2,0.00308174,8.95362,138,0.0161848,20.6188,0.0
6,3,0.00192383,5.58946,54,0.00945674,20.6188,0.0
6,4,0.00210312,6.11038,3,0.0113273,20.6188,0.0
6,5,0.000418473,1.21583,10,0.00113211,20.6188,0.0
6,6,1.29522e-05,0.0376311,9,2.98659e-05,20.6188,0.0
6,7,1.74019e-06,0.00505591,9,3.36332e-06,20.6188,0.0
6,8,1.74019e-06,0.00505591,9,3.36333e-06,20.6188,0.0
6,9,1.74019e-06,0.00505591,9,3.36333e-06,20.6188,0.0
6,10,1.74019e-06,0.00505591,0,3.15657e-06,0.00226563,20.6188
1,0,3.63053,11432.6,1018,75.425,22.3265,0.0
1,1,8.83671,33562.9,1098,116.774,22.2859,0.0
1,2,8.01077,27920.7,1003,14.2897,22.2858,0.0
1,3,9.79756,33975.2,779,3.61377,22.2858,0.0
1,4,4.65288,19474.8,715,27.0529,22.2859,0.0
1,5,3.54743,13149.2,146,16.5833,22.2859,0.0
1,6,3.23318,13050.3,508,13.2201,22.2859,0.0
1,7,2.5802,10119.4,474,6.47906,22.2859,0.0
1,8,6.53403,26202.2,362,12.4209,22.2859,0.0
1,9,0.985065,3917.89,364,12.1734,22.2859,0.0
1,10,0.679337,2711.67,0,0.290411,22.2859,0.0
1,11,0.681905,2709.16,0,4.66034,22.2859,0.0
1,12,0.582334,2306.62,0,2.24225,22.2859,0.0
1,13,0.471934,1865.64,0,0.820198,22.2859,0.0
1,14,0.0174122,68.8196,0,0.0822986,22.2859,0.0
1,15,0.000123148,0.48673,0,0.00142962,0.1,22.2859
2,0,5.81392,18359.8,1083,90.8204,22.3179,0.0
2,1,4.90958,15519.5,984,16.7542,22.2964,0.0
2,2,4.28144,13564.7,861,37.2023,22.3159,0.0
2,3,2.99463,9464.05,860,24.9224,22.3018,0.0
2,4,3.74925,11870.6,84,19.9278,22.3057,0.0
2,5,3.98703,12589.8,1040,21.7491,22.3049,0.0
2,6,5.05679,15984.8,708,12.5002,22.3035,0.0
2,7,7.09391,22395.6,40,3.17936,22.3005,0.0
2,8,3.93523,12441.6,430,5.88348,22.3033,0.0
2,9,2.94823,9318.08,421,6.46365,22.3008,0.0
2,10,3.07824,9726.65,0,2.7868,22.3018,0.0
2,11,0.917702,2899.01,1,1.36442,22.3021,0.0
2,12,0.450401,1422.73,0,1.89767,22.3025,0.0
2,13,0.110438,348.872,0,0.291167,22.3025,0.0
2,14,0.028214,89.1272,0,0.0545188,22.3025,0.0
2,15,0.0344652,108.874,0,0.0249352,22.3025,0.0
2,16,3.68009e-06,0.0116252,0,1.82349e-05,0.249961,22.3025
3,0,1.49264,4695.09,703,69.1195,22.3317,0.0
3,1,0.741421,2333.93,1186,0.29836,22.33,0.0
3,2,0.496592,1562.75,426,2.32098,22.3286,0.0
3,3,0.144429,454.536,309,2.91944,22.3287,0.0
3,4,0.170579,536.807,250,0.234906,22.3287,0.0
3,5,0.0326805,102.845,10,0.116367,22.3287,0.0
3,6,0.00513452,16.1582,44,0.0281363,22.3287,0.0
3,7,0.00152114,4.78698,44,0.00101808,22.3287,0.0
3,8,0.000944423,2.97208,31,0.00278221,22.3287,0.0
3,9,7.21639e-05,0.227098,18,5.21553e-05,22.3287,0.0
3,10,0.000173605,0.546332,0,0.000539193,0.139088,22.3287
4,0,0.294812,927.224,940,25.9408,22.3379,0.0
4,1,0.280662,882.799,900,0.127806,22.3369,0.0
4,2,0.137731,433.103,619,1.51759,22.3368,0.0
4,3,0.118187,371.652,0,1.06284,22.3367,0.0
4,4,0.0360945,113.507,367,0.21414,22.3366,0.0
4,5,0.0143827,45.2295,274,0.113582,22.3366,0.0
4,6,0.00424514,13.3498,12,0.000284927,22.3366,0.0
4,7,0.00285204,8.96885,125,0.0130619,22.3366,0.0
4,8,0.00263458,8.285,82,0.00926549,22.3366,0.0
4,9,0.00095202,2.99383,4,0.00638491,22.3366,0.0
4,10,0.000172961,0.543914,0,0.000722021,0.0583525,22.3366
5,0,0.343259,1079.61,573,3.34065,22.3371,0.0
5,1,0.036107,113.553,422,0.0980576,22.337,0.0
5,2,0.0108322,34.0659,377,0.0442669,22.3371,0.0
5,3,0.00836245,26.299,170,0.0369575,22.3371,0.0
5,4,0.00367656,11.5624,12,0.0261846,22.3371,0.0
5,5,0.00481219,15.1338,77,0.0219789,22.3371,0.0
5,6,0.00338256,10.6378,57,0.0213535,22.337,0.0
5,7,0.00039851,1.25328,14,0.00269235,22.337,0.0
5,8,0.000548971,1.72646,20,4.93755e-06,22.337,0.0
5,9,4.34237e-06,0.0136564,12,2.19324e-05,22.337,0.0
5,10,2.21307e-07,0.000695991,0,5.73207e-07,0.0092674,22.337
1,0,3.57693,12103.3,1153,41.5336,24.0518,0.0
1,1,8.6246,32826.6,1072,154.694,24.0001,0.0
1,2,8.38998,29979.2,1048,47.5727,24.0001,0.0
1,3,6.64117,27255.3,790,47.4805,24.0002,0.0
1,4,5.75557,23404.6,560,33.9865,24.0002,0.0
1,5,1.93417,7895.69,275,16.6943,24.0002,0.0
1,6,1.44858,5937.1,463,0.870404,24.0002,0.0
1,7,2.66002,10858.3,363,4.00305,24.0002,0.0
1,8,1.73427,7126.55,337,7.87224,24.0002,0.0
1,9,1.43474,5855.39,402,9.78713,24.0002,0.0
1,10,0.350763,1436.08,0,1.17299,24.0002,0.0
1,11,0.138568,568.871,0,1.93075,24.0002,0.0
1,12,0.0617835,252.488,0,0.5979,24.0002,0.0
1,13,0.0193985,79.2698,0,0.0553132,24.0002,0.0
1,14,0.000697698,2.85103,0,0.00466395,0.1,24.0002
2,0,6.9783,23708.9,639,61.8222,24.0175,0.0
2,1,6.23256,21262.8,1102,41.6509,24.0337,0.0
2,2,4.88606,16629.9,1284,55.0345,24.0247,0.0
2,3,1.90526,6482.07,836,11.3723,24.0195,0.0
2,4,0.660986,2248.48,926,4.86364,24.0191,0.0
2,5,1.09327,3717.05,198,0.497165,24.0174,0.0
2,6,0.275236,935.876,205,0.643665,24.0179,0.0
2,7,0.346421,1178.04,140,1.17537,24.0181,0.0
2,8,0.0631797,214.85,94,0.29532,24.0182,0.0
2,9,0.0435552,148.115,79,0.0780624,24.0182,0.0
2,10,0.0546935,185.992,0,0.0359475,24.0182,0.0
2,11,0.029639,100.792,0,0.0993893,24.0182,0.0
2,12,0.000831637,2.8281,0,0.00360417,0.254757,24.0182
3,0,2.07303,7022.19,525,70.47,24.0415,0.0
3,1,1.75872,5967.73,1370,24.7006,24.051,0.0
3,2,2.12322,7186.64,880,37.0253,24.041,0.0
3,3,2.31204,7838.19,678,25.9098,24.0477,0.0
3,4,1.03158,3493.26,2,8.27738,24.0448,0.0
3,5,7.36554,24957.6,658,6.17719,24.0466,0.0
3,6,2.60074,8806.08,754,13.8363,24.0429,0.0
3,7,1.61892,5483.25,203,7.06167,24.0453,0.0
3,8,0.844696,2860.21,293,2.19408,24.0446,0.0
3,9,0.356626,1207.61,245,1.47037,24.045,0.0
3,10,0.496864,1682.44,0,1.33865,24.0449,0.0
3,11,0.20536,695.375,0,1.13609,24.045,0.0
3,12,0.00939355,31.8077,0,0.0739596,24.045,0.0
3,13,0.00422316,14.3001,0,0.0222497,24.045,0.0
3,14,1.63545e-05,0.0553784,0,4.52248e-05,0.143114,24.045
4,0,0.806392,2727.16,252,29.3097,24.0548,0.0
4,1,0.725982,2456.15,551,3.46714,24.055,0.0
4,2,0.0506789,171.48,388,0.782726,24.0548,0.0
4,3,0.0781151,264.321,259,0.257971,24.0548,0.0
4,4,0.0720826,243.912,0,0.151332,24.0548,0.0
4,5,0.0578912,195.893,119,0.0448971,24.0548,0.0
4,6,0.0428971,145.153,82,0.0799523,24.0548,0.0
4,7,0.01647,55.7304,12,0.0402821,24.0548,0.0
4,8,0.0118022,39.9361,37,0.0328379,24.0548,0.0
4,9,0.00218467,7.39241,15,0.000352045,24.0548,0.0
4,10,3.28568e-06,0.011118,0,1.65976e-06,0.0665133,24.0548
5,0,0.43895,1485.47,1196,0.956973,24.0561,0.0
5,1,0.88605,2998.37,766,6.08382,24.0553,0.0
5,2,0.174232,589.591,486,8.11755,24.0553,0.0
5,3,0.0101009,34.181,347,0.0668604,24.0553,0.0
5,4,0.00235113,7.95614,167,0.00456132,24.0553,0.0
5,5,0.00794212,26.8759,4,0.0285144,24.0553,0.0
5,6,0.00967709,32.7469,77,0.00651032,24.0553,0.0
5,7,0.0085564,28.9546,63,0.00751705,24.0553,0.0
5,8,0.00366371,12.3979,11,0.00708973,24.0553,0.0
5,9,0.00196184,6.63882,29,0.000832958,24.0553,0.0
5,10,0.000257851,0.872561,0,0.000903209,0.00866215,24.0553
1,0,18.5021,78930.1,1360,245.632,30.0524,0.0
1,1,42.303,553911.0,1313,3274.97,30.0004,0.0
1,2,18517600.0,8755270000000.0,2047,17327.1,333.833,0.0
1,3,5153340.0,2594140000000.0,1858,9625530.0,253.233,0.0
1,4,416323.0,768621000000.0,2225,8072060.0,166.147,0.0
1,5,10786500.0,57010600000000.0,1945,631552.0,292.258,0.0
1,6,7619900.0,16892000000000.0,1813,847943.0,196.502,0.0
1,7,2107100.0,5005030000000.0,1608,81687.4,132.262,0.0
1,8,873293.0,1482970000000.0,1204,8271.07,89.5507,0.0
1,9,3678040000.0,1815800000000000.0,1120,3169.22,1711.59,0.0
1,10,490485000.0,538014000000000.0,0,40745.2,1140.83,0.0
1,11,112983000.0,159412000000000.0,0,40975.4,761.581,0.0
1,12,77436500.0,47233000000000.0,0,857.849,510.079,0.0
1,13,18620300000.0,7396380000000000.0,0,278.32,2573.89,0.0
1,14,2485060000.0,2191520000000000.0,0,163.436,1707.92,0.0
1,15,938202000.0,649339000000000.0,0,212.52,1129.28,0.0
1,16,27418300000.0,3.68644e+16,0,200.304,2947.75,0.0
1,17,12932700000.0,1.09228e+16,0,109.876,1964.73,0.0
1,18,1910850000.0,3236380000000000.0,0,65.2444,1309.61,0.0
1,19,1052770000.0,958927000000000.0,0,1.56258,872.898,0.0
1,20,376644000.0,284127000000000.0,0,0.0586965,808.663,0.0
1,21,38263400.0,84185700000000.0,0,0.360997,535.658,0.0
1,22,2330620.0,24943900000000.0,0,1.12317,353.919,0.0
1,23,546984000.0,3267960000000000.0,0,0.646521,3146.99,0.0
1,24,24641400.0,968285000000000.0,0,0.169916,2090.97,0.0
1,0,2.94178,10325.6,1294,36.588,24.912,0.0
1,1,3.57444,12554.4,1200,33.2218,24.8834,0.0
1,2,4.48282,15828.5,1024,6.2788,24.892,0.0
1,3,4.40927,15495.4,910,19.445,24.8845,0.0
1,4,3.6212,12753.4,420,7.40162,24.8823,0.0
1,5,1.30184,4584.31,682,3.26305,24.8817,0.0
1,6,1.71115,6026.42,889,1.58014,24.8823,0.0
1,7,0.532942,1876.28,686,2.55392,24.882,0.0
1,8,0.466161,1641.35,624,2.71317,24.882,0.0
1,9,0.344292,1212.22,455,0.585686,24.8817,0.0
1,10,0.255502,899.609,0,0.926095,24.8816,0.0
1,11,0.137249,483.264,0,0.995891,24.8818,0.0
1,12,0.0660229,232.466,2,0.382685,24.8817,0.0
1,13,0.0539109,189.819,0,0.18981,24.8817,0.0
1,14,0.000849193,2.98999,0,0.0023166,0.1,24.8817
2,0,1.62174,5688.88,659,53.0632,24.9064,0.0
2,1,0.121551,426.366,304,0.709858,24.9057,0.0
2,2,0.0638721,224.046,246,0.36138,24.9057,0.0
2,3,0.0384632,134.92,131,0.0861159,24.9058,0.0
2,4,0.013146,46.1127,19,0.0621645,24.9057,0.0
2,5,0.00437892,15.36,31,0.0057764,24.9057,0.0
2,6,0.00204046,7.15738,20,0.00104944,24.9057,0.0
2,7,0.000155279,0.544677,14,6.35693e-05,24.9057,0.0
2,8,1.61411e-05,0.0566186,12,4.43993e-06,24.9057,0.0
2,9,9.09694e-07,0.00319096,12,1.45153e-06,24.9057,0.0
2,10,9.09694e-07,0.00319096,0,4.09961e-06,0.235369,24.9057
3,0,0.159168,557.598,550,30.2113,24.9135,0.0
3,1,0.0302813,106.084,314,0.345813,24.9135,0.0
3,2,0.201872,707.242,172,0.137802,24.9134,0.0
3,3,0.0613946,215.094,248,0.484213,24.9134,0.0
3,4,0.0387439,135.739,131,0.293193,24.9134,0.0
3,5,0.0214096,75.0085,24,0.173371,24.9134,0.0
3,6,0.0453642,158.933,56,0.030907,24.9134,0.0
3,7,0.0103277,36.1831,56,0.0333567,24.9134,0.0
3,8,0.00513872,18.0035,12,0.0417352,24.9134,0.0
3,9,0.00632617,22.1637,22,0.000883904,24.9134,0.0
3,10,0.00166315,5.82683,0,0.000689219,24.9134,0.0
3,11,0.000157928,0.5533,0,0.00130898,0.082737,24.9134
4,0,0.103271,361.814,814,5.56328,24.9147,0.0
4,1,0.0985188,345.14,653,2.32535,24.9145,0.0
4,2,0.162209,568.283,484,2.57986,24.9144,0.0
4,3,0.0378971,132.765,467,0.110955,24.9144,0.0
4,4,0.0229207,80.2997,358,0.0351232,24.9144,0.0
4,5,0.0210128,73.6153,8,0.0233983,24.9144,0.0
4,6,0.0090921,31.8528,175,0.0520988,24.9144,0.0
4,7,0.00965172,33.8133,121,0.0598978,24.9144,0.0
4,8,0.00397201,13.9153,1,0.0294264,24.9144,0.0
4,9,0.00247732,8.67891,44,0.0192286,24.9144,0.0
4,10,0.000278403,0.97534,0,0.000832387,0.0184192,24.9144
5,0,0.146704,513.966,179,0.113675,24.9145,0.0
5,1,0.0378807,132.709,362,0.146617,24.9145,0.0
5,2,0.0250166,87.6413,259,0.0504362,24.9145,0.0
5,3,0.009348,32.7492,14,0.0434982,24.9145,0.0
5,4,0.00233408,8.17707,77,0.0177526,24.9145,0.0
5,5,0.000490746,1.71925,23,0.000172703,24.9145,0.0
5,6,0.000345281,1.20964,6,0.000264435,24.9145,0.0
5,7,8.31231e-06,0.0291208,3,2.73051e-05,24.9145,0.0
5,8,9.4993e-07,0.00332793,2,2.67363e-06,24.9145,0.0
5,9,9.49621e-07,0.00332685,2,2.75764e-06,24.9145,0.0
5,10,9.49621e-07,0.00332685,0,2.76622e-06,0.00109452,24.9145
1,0,2.15501,8070.4,1369,34.8471,26.6297,0.0
1,1,6.96044,27430.8,1295,164.718,26.5716,0.0
1,2,7.3096,27684.9,1093,36.0846,26.5716,0.0
1,3,4.98454,20607.2,835,43.7171,26.5716,0.0
1,4,6.43259,24423.0,848,31.0288,26.5716,0.0
1,5,3.48354,14360.4,428,24.9085,26.5716,0.0
1,6,2.15331,8635.96,622,2.12042,26.5716,0.0
1,7,2.18295,8844.61,413,9.22489,26.5716,0.0
1,8,2.50065,10127.6,6,7.59387,26.5716,0.0
1,9,1.47682,5986.25,434,2.435,26.5716,0.0
1,10,1.05533,4283.02,1,4.35627,26.5716,0.0
1,11,0.724047,2933.87,0,2.19845,26.5716,0.0
1,12,0.168656,682.616,0,1.39471,26.5716,0.0
1,13,0.0368359,149.049,0,0.112592,26.5716,0.0
1,14,0.0454345,183.806,0,0.224514,26.5716,0.0
1,15,7.74782e-05,0.313439,0,0.000137335,0.1,26.5716
2,0,6.674,25050.2,1381,82.3967,26.5899,0.0
2,1,7.21726,27144.3,1424,67.086,26.6285,0.0
2,2,4.3068,16190.4,1060,73.6104,26.5975,0.0
2,3,1.18058,4436.3,869,19.4529,26.5995,0.0
2,4,0.732952,2754.23,12,5.78345,26.5984,0.0
2,5,1.95885,7360.08,667,9.74877,26.5964,0.0
2,6,0.490907,1844.55,392,5.46538,26.5967,0.0
2,7,0.235994,886.698,10,0.75653,26.5966,0.0
2,8,0.155869,585.644,166,0.043399,26.5966,0.0
2,9,0.0227684,85.5472,122,0.103016,26.5966,0.0
2,10,0.0149482,56.1647,0,0.035599,26.5966,0.0
2,11,0.00159335,5.98666,0,0.00403268,26.5966,0.0
2,12,0.0016803,6.31335,0,0.00987966,26.5966,0.0
2,13,0.00131176,4.92863,0,0.00671707,26.5966,0.0
2,14,0.000197731,0.742931,0,0.000160999,0.236137,26.5966
3,0,1.40824,5277.19,753,72.0745,26.6243,0.0
3,1,1.05818,3963.62,1133,7.47355,26.6203,0.0
3,2,1.04206,3903.5,1515,7.15037,26.6266,0.0
3,3,0.779515,2919.52,1021,15.5431,26.62,0.0
3,4,0.881249,3301.69,2,10.7329,26.6256,0.0
3,5,1.15302,4317.43,1019,8.05939,26.6213,0.0
3,6,0.869879,3260.32,952,2.8933,26.6221,0.0
3,7,0.793072,2970.88,46,4.89034,26.6198,0.0
3,8,0.24757,927.396,512,0.16651,26.6204,0.0
3,9,0.112194,420.27,320,0.298537,26.6205,0.0
3,10,0.0335328,125.61,0,0.0681665,26.6205,0.0
3,11,0.0502971,188.408,0,0.0221551,26.6204,0.0
3,12,0.0283579,106.226,0,0.159408,26.6204,0.0
3,13,0.0200527,75.1152,0,0.103846,26.6205,0.0
3,14,0.00285654,10.7003,0,0.0124143,26.6205,0.0
3,15,0.00015327,0.574131,0,0.00105858,0.112294,26.6205
4,0,0.210068,786.033,905,30.6989,26.6317,0.0
4,1,0.0874485,327.198,421,0.143585,26.6317,0.0
4,2,0.0799633,299.202,271,0.782675,26.6317,0.0
4,3,0.017076,63.8936,8,0.135083,26.6317,0.0
4,4,0.00919329,34.3987,33,0.00931391,26.6317,0.0
4,5,0.0942654,352.713,96,0.183316,26.6317,0.0
4,6,0.0269487,100.834,6,0.0582526,26.6317,0.0
4,7,0.0339449,127.012,108,0.0990631,26.6317,0.0
4,8,0.0236499,88.4915,96,0.140278,26.6317,0.0
4,9,0.00163265,6.10893,2,0.00175943,26.6317,0.0
4,10,1.17874e-06,0.00441054,0,2.40901e-05,0.0531775,26.6317
5,0,0.317489,1188.27,1016,3.03902,26.6336,0.0
5,1,0.277597,1038.7,896,2.31862,26.6327,0.0
5,2,0.0214471,80.2497,514,0.151481,26.6327,0.0
5,3,0.0198195,74.1586,267,0.00303349,26.6327,0.0
5,4,0.00763318,28.5612,15,0.0935826,26.6327,0.0
5,5,0.0127178,47.5865,82,0.0164465,26.6327,0.0
5,6,0.00286217,10.7095,44,0.00156045,26.6327,0.0
5,7,0.00145996,5.46277,14,0.00457199,26.6327,0.0
5,8,9.21168e-05,0.344677,10,0.000799255,26.6327,0.0
5,9,1.21651e-06,0.00455188,9,2.19544e-05,26.6327,0.0
5,10,1.21659e-06,0.00455217,0,1.37332e-05,0.00914933,26.6327
1,0,5.8136,23167.3,1233,115.47,28.3418,0.0
1,1,6.00588,26482.1,1329,89.1789,28.2859,0.0
1,2,14.174,56529.0,1193,43.3601,28.2858,0.0
1,3,5.49341,23891.7,834,71.4759,28.2859,0.0
1,4,5.81834,23848.1,704,45.4724,28.2859,0.0
1,5,5.23617,22196.2,466,17.3209,28.2859,0.0
1,6,6.47301,26392.0,591,6.3624,28.2859,0.0
1,7,2.95211,12531.5,626,21.6528,28.2859,0.0
1,8,1.65363,6871.99,435,14.7444,28.2859,0.0
1,9,1.2885,5539.18,441,3.26101,28.2859,0.0
1,10,3.4315,14366.4,0,7.01482,28.2859,0.0
1,11,2.436,9915.48,0,35.1646,28.2859,0.0
1,12,1.83865,7359.9,0,26.1835,28.2858,0.0
1,13,1.05663,4229.3,0,11.6,28.2858,0.0
1,14,22.8592,91603.0,0,24.0697,28.2979,0.0
1,15,4.5833,18364.7,0,1.25597,28.297,0.0
1,16,1.07142,4292.65,0,0.882871,28.2965,0.0
1,17,0.134644,539.439,0,0.37337,28.2962,0.0
1,18,0.00450985,18.0682,0,0.0207111,28.2962,0.0
1,19,1.91238e-05,0.0766174,0,9.52503e-05,0.1,28.2962
2,0,1.47034,5848.88,768,100.706,28.3479,0.0
2,1,1.0641,4231.61,389,3.67692,28.3437,0.0
2,2,1.04869,4171.8,234,7.54172,28.3461,0.0
2,3,1.15137,4576.48,10,13.7783,28.3412,0.0
2,4,0.584154,2321.57,119,4.67214,28.3429,0.0
2,5,0.502933,1998.61,55,5.40562,28.3414,0.0
2,6,0.0657892,261.443,7,0.143562,28.3414,0.0
2,7,0.00748811,29.7573,8,0.033903,28.3415,0.0
2,8,0.00107075,4.25511,8,0.00773129,28.3415,0.0
2,9,0.00102291,4.06498,8,0.00741932,28.3415,0.0
2,10,0.001023,4.06534,0,0.00742805,28.3415,0.0
2,11,0.00228864,9.09493,0,0.0153566,28.3415,0.0
2,12,2.50484e-08,9.9541e-05,0,2.71973e-07,0.708422,28.3415
3,0,0.225246,896.402,432,31.0291,28.351,0.0
3,1,0.037449,149.035,550,0.0538767,28.3509,0.0
3,2,0.00668434,26.6016,213,0.0451671,28.3509,0.0
3,3,0.0255081,101.51,298,0.194798,28.3509,0.0
3,4,0.00186181,7.40904,128,0.0137484,28.3509,0.0
3,5,0.00118978,4.73472,12,0.00983622,28.3509,0.0
3,6,0.00263222,10.4748,28,0.0113803,28.3509,0.0
3,7,0.000982037,3.90799,20,0.00422333,28.3509,0.0
3,8,5.05766e-07,0.00201269,13,4.9526e-07,28.3509,0.0
3,9,7.16897e-07,0.00285288,13,2.34263e-06,28.3509,0.0
3,10,7.16897e-07,0.00285288,0,3.70923e-06,0.170257,28.3509
4,0,0.136515,543.335,947,1.04111,28.351,0.0
4,1,0.0277508,110.438,944,0.624442,28.351,0.0
4,2,0.0487931,194.183,691,0.533902,28.351,0.0
4,3,0.010014,39.8531,16,0.0412813,28.351,0.0
4,4,0.00131667,5.24,186,0.00292079,28.351,0.0
4,5,0.00182173,7.25,92,0.0158237,28.351,0.0
4,6,0.00199112,7.92414,5,0.00801752,28.351,0.0
4,7,0.00171663,6.83172,95,0.0104514,28.351,0.0
4,8,0.00204884,8.15385,89,0.0165075,28.351,0.0
4,9,0.00115939,4.61407,7,0.0103682,28.351,0.0
4,10,0.000202738,0.806843,0,0.00181729,0.0083175,28.351
1,0,2.32863,9823.23,1261,54.2418,30.0642,0.0
1,1,7.59051,32180.6,1350,123.589,30.0023,0.0
1,2,16.4257,69734.1,1251,50.3409,30.006,0.0
1,3,4.67127,19900.3,907,9.14422,30.0002,0.0
1,4,5.64124,24040.7,1010,26.3596,30.0002,0.0
1,5,1.83729,7834.47,11,8.29092,30.0002,0.0
1,6,3.86347,16639.7,678,22.0184,30.0002,0.0
1,7,3.13154,13772.5,587,9.40251,30.0002,0.0
1,8,2.18073,9402.59,522,8.4984,30.0002,0.0
1,9,1.40038,6114.64,490,9.76837,30.0002,0.0
1,10,2.78401,12170.5,0,8.28143,30.0002,0.0
1,11,1.74585,7600.59,0,22.4668,30.0002,0.0
1,12,0.579353,2514.12,6,1.89753,30.0002,0.0
1,13,0.633367,2745.18,0,2.25164,30.0002,0.0
1,14,0.0793813,344.01,0,0.0171785,30.0002,0.0
1,15,0.0223844,96.9941,0,0.0272673,30.0002,0.0
1,16,1.04142e-05,0.0451256,0,5.20202e-05,0.1,30.0002
2,0,3.87301,16383.5,1173,62.9357,30.0215,0.0
2,1,3.3952,14423.4,1552,38.1899,30.0489,0.0
2,2,1.95867,8292.44,1188,17.8853,30.0344,0.0
2,3,0.70845,3000.66,404,1.91487,30.0322,0.0
2,4,0.992656,4204.85,418,3.8648,30.0316,0.0
2,5,1.06816,4525.54,375,5.20519,30.0307,0.0
2,6,1.03289,4376.0,116,2.13456,30.0305,0.0
2,7,0.621415,2632.65,145,1.92224,30.0305,0.0
2,8,0.243092,1029.87,90,0.114065,30.0305,0.0
2,9,0.0306702,129.936,46,0.0248659,30.0306,0.0
2,10,0.00547324,23.1876,0,0.00145822,30.0306,0.0
2,11,0.00204439,8.66114,0,0.00787427,30.0306,0.0
2,12,5.67424e-05,0.240392,0,1.22675e-05,0.234084,30.0306
3,0,2.0101,8488.79,915,64.9309,30.0565,0.0
3,1,1.94127,8195.82,1649,18.461,30.0614,0.0
3,2,1.22748,5179.4,1436,17.0677,30.0604,0.0
3,3,1.46465,6181.79,1003,5.15245,30.0585,0.0
3,4,1.10406,4660.69,707,5.93562,30.0576,0.0
3,5,0.306856,1295.35,51,1.99494,30.0576,0.0
3,6,0.172695,729.042,204,1.32592,30.0573,0.0
3,7,0.682433,2881.08,152,2.12887,30.0571,0.0
3,8,0.440838,1860.7,87,2.22706,30.0573,0.0
3,9,0.141245,596.215,97,0.312996,30.0572,0.0
3,10,0.191254,807.377,0,0.234487,30.0571,0.0
3,11,0.0321509,135.725,0,0.0272497,30.0572,0.0
3,12,0.00116009,4.89733,0,0.00865448,30.0571,0.0
3,13,3.48905e-05,0.14729,0,0.000202711,0.121273,30.0571
4,0,0.262176,1105.61,385,33.2326,30.0685,0.0
4,1,0.105549,445.1,215,1.10361,30.0684,0.0
4,2,0.04787,201.878,253,0.638649,30.0684,0.0
4,3,0.0707753,298.49,27,0.374144,30.0684,0.0
4,4,0.181698,766.307,201,0.331289,30.0683,0.0
4,5,0.0985951,415.821,184,0.369957,30.0683,0.0
4,6,0.0775105,326.896,4,0.0020023,30.0683,0.0
4,7,0.144839,610.853,154,0.225036,30.0683,0.0
4,8,0.125813,530.603,203,0.235342,30.0683,0.0
4,9,0.039157,165.137,44,0.344723,30.0684,0.0
4,10,0.0575728,242.804,0,0.111158,30.0684,0.0
4,11,0.0281627,118.768,1,0.337682,30.0684,0.0
4,12,0.0112113,47.2798,0,0.172936,30.0684,0.0
4,13,0.197456,832.701,0,0.880642,30.0685,0.0
4,14,0.032221,135.88,2,0.355543,30.0685,0.0
4,15,0.00592895,25.0031,0,0.0774915,30.0685,0.0
4,16,0.00109097,4.60077,0,0.0249997,30.0685,0.0
4,17,1.70616e-06,0.00719511,0,5.46507e-06,0.066996,30.0685
5,0,0.122766,517.781,1378,3.66201,30.0695,0.0
5,1,0.0543197,229.078,1024,4.74905,30.0692,0.0
5,2,0.0941263,396.951,495,4.78364,30.0692,0.0
5,3,0.00238371,10.0526,6,0.0389673,30.0692,0.0
5,4,0.00258955,10.9206,265,0.0272973,30.0692,0.0
5,5,0.00157937,6.66048,114,0.0143303,30.0692,0.0
5,6,0.00010411,0.43905,22,0.00148038,30.0692,0.0
5,7,2.87629e-05,0.121299,26,9.55041e-05,30.0692,0.0
5,8,1.49407e-06,0.00630076,20,1.68961e-05,30.0692,0.0
5,9,5.71361e-07,0.00240953,19,2.33768e-06,30.0692,0.0
5,10,5.71344e-07,0.00240946,0,1.75971e-06,0.00939763,30.0692
